Date,Values,Delta Calculations
2002-12-18,647.0, 
2002-12-25,1063.0,416.0
2003-01-01,870.0,-193.0
2003-01-08,567.0,-303.0
2003-01-15,719.0,152.0
2003-01-22,1119.0,400.0
2003-01-29,621.0,-498.0
2003-02-05,572.0,-49.0
2003-02-12,514.0,-58.0
2003-02-19,1045.0,531.0
2003-02-26,634.0,-411.0
2003-03-05,827.0,193.0
2003-03-12,521.0,-306.0
2003-03-19,1333.0,812.0
2003-03-26,653.0,-680.0
2003-04-02,604.0,-49.0
2003-04-09,591.0,-13.0
2003-04-16,713.0,122.0
2003-04-23,452.0,-261.0
2003-04-30,675.0,223.0
2003-05-07,620.0,-55.0
2003-05-14,692.0,72.0
2003-05-21,548.0,-144.0
2003-05-28,817.0,269.0
2003-06-04,644.0,-173.0
2003-06-11,604.0,-40.0
2003-06-18,693.0,89.0
2003-06-25,619.0,-74.0
2003-07-02,801.0,182.0
2003-07-09,714.0,-87.0
2003-07-16,695.0,-19.0
2003-07-23,590.0,-105.0
2003-07-30,636.0,46.0
2003-08-06,677.0,41.0
2003-08-13,682.0,5.0
2003-08-20,549.0,-133.0
2003-08-27,570.0,21.0
2003-09-03,902.0,332.0
2003-09-10,633.0,-269.0
2003-09-17,574.0,-59.0
2003-09-24,502.0,-72.0
2003-10-01,544.0,42.0
2003-10-08,501.0,-43.0
2003-10-15,1045.0,544.0
2003-10-22,592.0,-453.0
2003-10-29,591.0,-1.0
2003-11-05,1056.0,465.0
2003-11-12,598.0,-458.0
2003-11-19,573.0,-25.0
2003-11-26,566.0,-7.0
2003-12-03,606.0,40.0
2003-12-10,868.0,262.0
2003-12-17,681.0,-187.0
2003-12-24,647.0,-34.0
2003-12-31,596.0,-51.0
2004-01-07,680.0,84.0
2004-01-14,610.0,-70.0
2004-01-21,1060.0,450.0
2004-01-28,496.0,-564.0
2004-02-04,696.0,200.0
2004-02-11,437.0,-259.0
2004-02-18,792.0,355.0
2004-02-25,494.0,-298.0
2004-03-03,574.0,80.0
2004-03-10,433.0,-141.0
2004-03-17,414.0,-19.0
2004-03-24,417.0,3.0
2004-03-31,422.0,5.0
2004-04-07,453.0,31.0
2004-04-14,501.0,48.0
2004-04-21,461.0,-40.0
2004-04-28,419.0,-42.0
2004-05-05,606.0,187.0
2004-05-12,422.0,-184.0
2004-05-19,388.0,-34.0
2004-05-26,414.0,26.0
2004-06-02,725.0,311.0
2004-06-09,498.0,-227.0
2004-06-16,555.0,57.0
2004-06-23,329.0,-226.0
2004-06-30,403.0,74.0
2004-07-07,842.0,439.0
2004-07-14,437.0,-405.0
2004-07-21,443.0,6.0
2004-07-28,370.0,-73.0
2004-08-04,605.0,235.0
2004-08-11,485.0,-120.0
2004-08-18,432.0,-53.0
2004-08-25,374.0,-58.0
2004-09-01,535.0,161.0
2004-09-08,766.0,231.0
2004-09-15,451.0,-315.0
2004-09-22,404.0,-47.0
2004-09-29,433.0,29.0
2004-10-06,530.0,97.0
2004-10-13,1073.0,543.0
2004-10-20,693.0,-380.0
2004-10-27,606.0,-87.0
2004-11-03,726.0,120.0
2004-11-10,662.0,-64.0
2004-11-17,790.0,128.0
2004-11-24,921.0,131.0
2004-12-01,562.0,-359.0
2004-12-08,671.0,109.0
2004-12-15,650.0,-21.0
2004-12-22,665.0,15.0
2004-12-29,614.0,-51.0
2005-01-05,938.0,324.0
2005-01-12,1118.0,180.0
2005-01-19,1218.0,100.0
2005-01-26,569.0,-649.0
2005-02-02,627.0,58.0
2005-02-09,799.0,172.0
2005-02-16,572.0,-227.0
2005-02-23,917.0,345.0
2005-03-02,700.0,-217.0
2005-03-09,585.0,-115.0
2005-03-16,570.0,-15.0
2005-03-23,459.0,-111.0
2005-03-30,459.0,0.0
2005-04-06,559.0,100.0
2005-04-13,728.0,169.0
2005-04-20,536.0,-192.0
2005-04-27,561.0,25.0
2005-05-04,668.0,107.0
2005-05-11,509.0,-159.0
2005-05-18,572.0,63.0
2005-05-25,579.0,7.0
2005-06-01,999.0,420.0
2005-06-08,625.0,-374.0
2005-06-15,595.0,-30.0
2005-06-22,856.0,261.0
2005-06-29,811.0,-45.0
2005-07-06,1561.0,750.0
2005-07-13,1019.0,-542.0
2005-07-20,849.0,-170.0
2005-07-27,747.0,-102.0
2005-08-03,954.0,207.0
2005-08-10,820.0,-134.0
2005-08-17,904.0,84.0
2005-08-24,944.0,40.0
2005-08-31,988.0,44.0
2005-09-07,1071.0,83.0
2005-09-14,803.0,-268.0
2005-09-21,1109.0,306.0
2005-09-28,785.0,-324.0
2005-10-05,1037.0,252.0
2005-10-12,1777.0,740.0
2005-10-19,1105.0,-672.0
2005-10-26,940.0,-165.0
2005-11-02,930.0,-10.0
2005-11-09,765.0,-165.0
2005-11-16,1132.0,367.0
2005-11-23,980.0,-152.0
2005-11-30,659.0,-321.0
2005-12-07,931.0,272.0
2005-12-14,956.0,25.0
2005-12-21,1083.0,127.0
2005-12-28,818.0,-265.0
2006-01-04,1272.0,454.0
2006-01-11,813.0,-459.0
2006-01-18,1330.0,517.0
2006-01-25,607.0,-723.0
2006-02-01,731.0,124.0
2006-02-08,978.0,247.0
2006-02-15,664.0,-314.0
2006-02-22,970.0,306.0
2006-03-01,689.0,-281.0
2006-03-08,646.0,-43.0
2006-03-15,521.0,-125.0
2006-03-22,546.0,25.0
2006-03-29,440.0,-106.0
2006-04-05,595.0,155.0
2006-04-12,587.0,-8.0
2006-04-19,531.0,-56.0
2006-04-26,721.0,190.0
2006-05-03,655.0,-66.0
2006-05-10,532.0,-123.0
2006-05-17,578.0,46.0
2006-05-24,608.0,30.0
2006-05-31,753.0,145.0
2006-06-07,675.0,-78.0
2006-06-14,567.0,-108.0
2006-06-21,491.0,-76.0
2006-06-28,524.0,33.0
2006-07-05,801.0,277.0
2006-07-12,658.0,-143.0
2006-07-19,618.0,-40.0
2006-07-26,685.0,67.0
2006-08-02,638.0,-47.0
2006-08-09,1379.0,741.0
2006-08-16,464.0,-915.0
2006-08-23,485.0,21.0
2006-08-30,441.0,-44.0
2006-09-06,871.0,430.0
2006-09-13,587.0,-284.0
2006-09-20,609.0,22.0
2006-09-27,426.0,-183.0
2006-10-04,530.0,104.0
2006-10-11,943.0,413.0
2006-10-18,605.0,-338.0
2006-10-25,417.0,-188.0
2006-11-01,731.0,314.0
2006-11-08,806.0,75.0
2006-11-15,544.0,-262.0
2006-11-22,699.0,155.0
2006-11-29,516.0,-183.0
2006-12-06,530.0,14.0
2006-12-13,1239.0,709.0
2006-12-20,652.0,-587.0
2006-12-27,769.0,117.0
2007-01-03,643.0,-126.0
2007-01-10,495.0,-148.0
2007-01-17,836.0,341.0
2007-01-24,412.0,-424.0
2007-01-31,473.0,61.0
2007-02-07,449.0,-24.0
2007-02-14,584.0,135.0
2007-02-21,800.0,216.0
2007-02-28,372.0,-428.0
2007-03-07,436.0,64.0
2007-03-14,482.0,46.0
2007-03-21,393.0,-89.0
2007-03-28,302.0,-91.0
2007-04-04,352.0,50.0
2007-04-11,327.0,-25.0
2007-04-18,421.0,94.0
2007-04-25,286.0,-135.0
2007-05-02,482.0,196.0
2007-05-09,320.0,-162.0
2007-05-16,352.0,32.0
2007-05-23,442.0,90.0
2007-05-30,395.0,-47.0
2007-06-06,405.0,10.0
2007-06-13,371.0,-34.0
2007-06-20,315.0,-56.0
2007-06-27,345.0,30.0
2007-07-04,632.0,287.0
2007-07-11,504.0,-128.0
2007-07-18,317.0,-187.0
2007-07-25,279.0,-38.0
2007-08-01,291.0,12.0
2007-08-08,310.0,19.0
2007-08-15,300.0,-10.0
2007-08-22,267.0,-33.0
2007-08-29,291.0,24.0
2007-09-05,479.0,188.0
2007-09-12,257.0,-222.0
2007-09-19,260.0,3.0
2007-09-26,255.0,-5.0
2007-10-03,586.0,331.0
2007-10-10,455.0,-131.0
2007-10-17,113.0,-342.0
2007-10-24,229.0,116.0
2007-10-31,389.0,160.0
2007-11-07,246.0,-143.0
2007-11-14,799.0,553.0
2007-11-21,226.0,-573.0
2007-11-28,118.0,-108.0
2007-12-05,341.0,223.0
2007-12-12,273.0,-68.0
2007-12-19,679.0,406.0
2007-12-26,295.0,-384.0
2008-01-02,450.0,155.0
2008-01-09,297.0,-153.0
2008-01-16,315.0,18.0
2008-01-23,374.0,59.0
2008-01-30,182.0,-192.0
2008-02-06,153.0,-29.0
2008-02-13,173.0,20.0
2008-02-20,524.0,351.0
2008-02-27,260.0,-264.0
2008-03-05,215.0,-45.0
2008-03-12,252.0,37.0
2008-03-19,213.0,-39.0
2008-03-26,170.0,-43.0
2008-04-02,353.0,183.0
2008-04-09,73.0,-280.0
2008-04-16,300.0,227.0
2008-04-23,813.0,513.0
2008-04-30,296.0,-517.0
2008-05-07,233.0,-63.0
2008-05-14,1534.0,1301.0
2008-05-21,182.0,-1352.0
2008-05-28,215.0,33.0
2008-06-04,182.0,-33.0
2008-06-11,132.0,-50.0
2008-06-18,201.0,69.0
2008-06-25,256.0,55.0
2008-07-02,139.0,-117.0
2008-07-09,93.0,-46.0
2008-07-16,150.0,57.0
2008-07-23,196.0,46.0
2008-07-30,132.0,-64.0
2008-08-06,391.0,259.0
2008-08-13,443.0,52.0
2008-08-20,135.0,-308.0
2008-08-27,114.0,-21.0
2008-09-03,218.0,104.0
2008-09-10,85.0,-133.0
2008-09-17,110.0,25.0
2008-09-24,76.0,-34.0
2008-10-01,119.0,43.0
2008-10-08,71.0,-48.0
2008-10-15,100.0,29.0
2008-10-22,-83.0,-183.0
2008-10-29,82.0,165.0
2008-11-05,47.0,-35.0
2008-11-12,129.0,82.0
2008-11-19,41.0,-88.0
2008-11-26,-47.0,-88.0
2008-12-03,214.0,261.0
2008-12-10,-42.0,-256.0
2008-12-17,53.0,95.0
2008-12-24,34.0,-19.0
2008-12-31,14.0,-20.0
2009-01-07,49.0,35.0
2009-01-14,33.0,-16.0
2009-01-21,65.0,32.0
2009-01-28,25.0,-40.0
2009-02-04,47.0,22.0
2009-02-11,39.0,-8.0
2009-02-18,58.0,19.0
2009-02-25,49.0,-9.0
2009-03-04,42.0,-7.0
2009-03-11,30.0,-12.0
2009-03-18,28.0,-2.0
2009-03-25,287.0,259.0
2009-04-01,42.0,-245.0
2009-04-08,34.0,-8.0
2009-04-15,41.0,7.0
2009-04-22,28.0,-13.0
2009-04-29,24.0,-4.0
2009-05-06,33.0,9.0
2009-05-13,21.0,-12.0
2009-05-20,81.0,60.0
2009-05-27,109.0,28.0
2009-06-03,77.0,-32.0
2009-06-10,61.0,-16.0
2009-06-17,50.0,-11.0
2009-06-24,62.0,12.0
2009-07-01,73.0,11.0
2009-07-08,44.0,-29.0
2009-07-15,64.0,20.0
2009-07-22,67.0,3.0
2009-07-29,41.0,-26.0
2009-08-05,66.0,25.0
2009-08-12,-35.0,-101.0
2009-08-19,41.0,76.0
2009-08-26,36.0,-5.0
2009-09-02,67.0,31.0
2009-09-09,84.0,17.0
2009-09-16,74.0,-10.0
2009-09-23,42.0,-32.0
2009-09-30,84.0,42.0
2009-10-07,32.0,-52.0
2009-10-14,70.0,38.0
2009-10-21,34.0,-36.0
2009-10-28,20.0,-14.0
2009-11-04,46.0,26.0
2009-11-11,51.0,5.0
2009-11-18,29.0,-22.0
2009-11-25,23.0,-6.0
2009-12-02,47.0,24.0
2009-12-09,48.0,1.0
2009-12-16,38.0,-10.0
2009-12-23,31.0,-7.0
2009-12-30,25.0,-6.0
2010-01-06,33.0,8.0
2010-01-13,32.0,-1.0
2010-01-20,65.0,33.0
2010-01-27,32.0,-33.0
2010-02-03,23.0,-9.0
2010-02-10,31.0,8.0
2010-02-17,35.0,4.0
2010-02-24,19.0,-16.0
2010-03-03,16.0,-3.0
2010-03-10,21.0,5.0
2010-03-17,17.0,-4.0
2010-03-24,23.0,6.0
2010-03-31,11.0,-12.0
2010-04-07,17.0,6.0
2010-04-14,14.0,-3.0
2010-04-21,41.0,27.0
2010-04-28,11.0,-30.0
2010-05-05,14.0,3.0
2010-05-12,16.0,2.0
2010-05-19,9.0,-7.0
2010-05-26,8.0,-1.0
2010-06-02,16.0,8.0
2010-06-09,9.0,-7.0
2010-06-16,16.0,7.0
2010-06-23,8.0,-8.0
2010-06-30,16.0,8.0
2010-07-07,27.0,11.0
2010-07-14,10.0,-17.0
2010-07-21,8.0,-2.0
2010-07-28,9.0,1.0
2010-08-04,11.0,2.0
2010-08-11,11.0,0.0
2010-08-18,17.0,6.0
2010-08-25,14.0,-3.0
2010-09-01,16.0,2.0
2010-09-08,28.0,12.0
2010-09-15,44.0,16.0
2010-09-22,56.0,12.0
2010-09-29,15.0,-41.0
2010-10-06,23.0,8.0
2010-10-13,37.0,14.0
2010-10-20,26.0,-11.0
2010-10-27,15.0,-11.0
2010-11-03,30.0,15.0
2010-11-10,15.0,-15.0
2010-11-17,21.0,6.0
2010-11-24,21.0,0.0
2010-12-01,24.0,3.0
2010-12-08,18.0,-6.0
2010-12-15,34.0,16.0
2010-12-22,33.0,-1.0
2010-12-29,27.0,-6.0
2011-01-05,26.0,-1.0
2011-01-12,61.0,35.0
2011-01-19,38.0,-23.0
2011-01-26,25.0,-13.0
2011-02-02,19.0,-6.0
2011-02-09,28.0,9.0
2011-02-16,17.0,-11.0
2011-02-23,31.0,14.0
2011-03-02,20.0,-11.0
2011-03-09,31.0,11.0
2011-03-16,23.0,-8.0
2011-03-23,40.0,17.0
2011-03-30,16.0,-24.0
2011-04-06,27.0,11.0
2011-04-13,25.0,-2.0
2011-04-20,16.0,-9.0
2011-04-27,17.0,1.0
2011-05-04,32.0,15.0
2011-05-11,30.0,-2.0
2011-05-18,41.0,11.0
2011-05-25,18.0,-23.0
2011-06-01,23.0,5.0
2011-06-08,20.0,-3.0
2011-06-15,23.0,3.0
2011-06-22,25.0,2.0
2011-06-29,16.0,-9.0
2011-07-06,30.0,14.0
2011-07-13,17.0,-13.0
2011-07-20,16.0,-1.0
2011-07-27,14.0,-2.0
2011-08-03,29.0,15.0
2011-08-10,16.0,-13.0
2011-08-17,7.0,-9.0
2011-08-24,10.0,3.0
2011-08-31,9.0,-1.0
2011-09-07,10.0,1.0
2011-09-14,8.0,-2.0
2011-09-21,8.0,0.0
2011-09-28,6.0,-2.0
2011-10-05,16.0,10.0
2011-10-12,8.0,-8.0
2011-10-19,6.0,-2.0
2011-10-26,6.0,0.0
2011-11-02,7.0,1.0
2011-11-09,5.0,-2.0
2011-11-16,7.0,2.0
2011-11-23,5.0,-2.0
2011-11-30,6.0,1.0
2011-12-07,5.0,-1.0
2011-12-14,5.0,0.0
2011-12-21,6.0,1.0
2011-12-28,7.0,1.0
2012-01-04,9.0,2.0
2012-01-11,7.0,-2.0
2012-01-18,8.0,1.0
2012-01-25,5.0,-3.0
2012-02-01,5.0,0.0
2012-02-08,5.0,0.0
2012-02-15,5.0,0.0
2012-02-22,6.0,1.0
2012-02-29,5.0,-1.0
2012-03-07,5.0,0.0
2012-03-14,3.0,-2.0
2012-03-21,3.0,0.0
2012-03-28,4.0,1.0
2012-04-04,4.0,0.0
2012-04-11,3.0,-1.0
2012-04-18,3.0,0.0
2012-04-25,3.0,0.0
2012-05-02,4.0,1.0
2012-05-09,5.0,1.0
2012-05-16,4.0,-1.0
2012-05-23,4.0,0.0
2012-05-30,4.0,0.0
2012-06-06,7.0,3.0
2012-06-13,5.0,-2.0
2012-06-20,4.0,-1.0
2012-06-27,4.0,0.0
2012-07-04,6.0,2.0
2012-07-11,3.0,-3.0
2012-07-18,3.0,0.0
2012-07-25,3.0,0.0
2012-08-01,5.0,2.0
2012-08-08,3.0,-2.0
2012-08-15,5.0,2.0
2012-08-22,4.0,-1.0
2012-08-29,3.0,-1.0
2012-09-05,6.0,3.0
2012-09-12,3.0,-3.0
2012-09-19,3.0,0.0
2012-09-26,2.0,-1.0
2012-10-03,5.0,3.0
2012-10-10,2.0,-3.0
2012-10-17,2.0,0.0
2012-10-24,2.0,0.0
2012-10-31,0.0,-2.0
2012-11-07,0.0,0.0
2012-11-14,0.0,0.0
2012-11-21,0.0,0.0
2012-11-28,0.0,0.0
2012-12-05,0.0,0.0
2012-12-12,0.0,0.0
2012-12-19,0.0,0.0
2012-12-26,0.0,0.0
2013-01-02,0.0,0.0
2013-01-09,0.0,0.0
2013-01-16,0.0,0.0
2013-01-23,0.0,0.0
2013-01-30,0.0,0.0
2013-02-06,0.0,0.0
2013-02-13,0.0,0.0
2013-02-20,0.0,0.0
2013-02-27,0.0,0.0
2013-03-06,0.0,0.0
2013-03-13,0.0,0.0
2013-03-20,0.0,0.0
2013-03-27,0.0,0.0
2013-04-03,0.0,0.0
2013-04-10,0.0,0.0
2013-04-17,0.0,0.0
2013-04-24,0.0,0.0
2013-05-01,0.0,0.0
2013-05-08,0.0,0.0
2013-05-15,0.0,0.0
2013-05-22,0.0,0.0
2013-05-29,0.0,0.0
2013-06-05,0.0,0.0
2013-06-12,0.0,0.0
2013-06-19,0.0,0.0
2013-06-26,0.0,0.0
2013-07-03,0.0,0.0
2013-07-10,0.0,0.0
2013-07-17,0.0,0.0
2013-07-24,0.0,0.0
2013-07-31,0.0,0.0
2013-08-07,0.0,0.0
2013-08-14,0.0,0.0
2013-08-21,0.0,0.0
2013-08-28,0.0,0.0
2013-09-04,0.0,0.0
2013-09-11,0.0,0.0
2013-09-18,0.0,0.0
2013-09-25,0.0,0.0
2013-10-02,0.0,0.0
2013-10-09,0.0,0.0
2013-10-16,0.0,0.0
2013-10-23,0.0,0.0
2013-10-30,0.0,0.0
2013-11-06,0.0,0.0
2013-11-13,0.0,0.0
2013-11-20,0.0,0.0
2013-11-27,0.0,0.0
2013-12-04,0.0,0.0
2013-12-11,0.0,0.0
2013-12-18,0.0,0.0
2013-12-25,0.0,0.0
2014-01-01,0.0,0.0
2014-01-08,0.0,0.0
2014-01-15,0.0,0.0
2014-01-22,0.0,0.0
2014-01-29,0.0,0.0
2014-02-05,0.0,0.0
2014-02-12,0.0,0.0
2014-02-19,0.0,0.0
2014-02-26,0.0,0.0
2014-03-05,0.0,0.0
2014-03-12,0.0,0.0
2014-03-19,0.0,0.0
2014-03-26,0.0,0.0
2014-04-02,0.0,0.0
2014-04-09,0.0,0.0
2014-04-16,0.0,0.0
2014-04-23,0.0,0.0
2014-04-30,0.0,0.0
2014-05-07,0.0,0.0
2014-05-14,0.0,0.0
2014-05-21,0.0,0.0
2014-05-28,0.0,0.0
2014-06-04,0.0,0.0
2014-06-11,0.0,0.0
2014-06-18,0.0,0.0
2014-06-25,0.0,0.0
2014-07-02,0.0,0.0
2014-07-09,0.0,0.0
2014-07-16,0.0,0.0
2014-07-23,0.0,0.0
2014-07-30,0.0,0.0
2014-08-06,0.0,0.0
2014-08-13,0.0,0.0
2014-08-20,0.0,0.0
2014-08-27,0.0,0.0
2014-09-03,0.0,0.0
2014-09-10,0.0,0.0
2014-09-17,0.0,0.0
2014-09-24,0.0,0.0
2014-10-01,0.0,0.0
2014-10-08,0.0,0.0
2014-10-15,0.0,0.0
2014-10-22,0.0,0.0
2014-10-29,0.0,0.0
2014-11-05,0.0,0.0
2014-11-12,0.0,0.0
2014-11-19,0.0,0.0
2014-11-26,0.0,0.0
2014-12-03,0.0,0.0
2014-12-10,0.0,0.0
2014-12-17,0.0,0.0
2014-12-24,0.0,0.0
2014-12-31,0.0,0.0
2015-01-07,0.0,0.0
2015-01-14,0.0,0.0
2015-01-21,0.0,0.0
2015-01-28,0.0,0.0
2015-02-04,0.0,0.0
2015-02-11,0.0,0.0
2015-02-18,0.0,0.0
2015-02-25,0.0,0.0
2015-03-04,0.0,0.0
2015-03-11,0.0,0.0
2015-03-18,0.0,0.0
2015-03-25,0.0,0.0
2015-04-01,0.0,0.0
2015-04-08,0.0,0.0
2015-04-15,0.0,0.0
2015-04-22,0.0,0.0
2015-04-29,0.0,0.0
2015-05-06,0.0,0.0
2015-05-13,0.0,0.0
2015-05-20,0.0,0.0
2015-05-27,0.0,0.0
2015-06-03,0.0,0.0
2015-06-10,0.0,0.0
2015-06-17,0.0,0.0
2015-06-24,0.0,0.0
2015-07-01,0.0,0.0
2015-07-08,0.0,0.0
2015-07-15,0.0,0.0
2015-07-22,0.0,0.0
2015-07-29,0.0,0.0
