Date,Values,Delta Calculations
2002-12-18,-23.0, 
2002-12-25,-23.0,0.0
2003-01-01,-23.0,0.0
2003-01-08,-23.0,0.0
2003-01-15,-23.0,0.0
2003-01-22,-23.0,0.0
2003-01-29,-22.0,1.0
2003-02-05,-23.0,-1.0
2003-02-12,-22.0,1.0
2003-02-19,-23.0,-1.0
2003-02-26,-22.0,1.0
2003-03-05,-22.0,0.0
2003-03-12,-22.0,0.0
2003-03-19,-22.0,0.0
2003-03-26,-21.0,1.0
2003-04-02,-21.0,0.0
2003-04-09,-37.0,-16.0
2003-04-16,-37.0,0.0
2003-04-23,-37.0,0.0
2003-04-30,-37.0,0.0
2003-05-07,-37.0,0.0
2003-05-14,-37.0,0.0
2003-05-21,-36.0,1.0
2003-05-28,-36.0,0.0
2003-06-04,-36.0,0.0
2003-06-11,-36.0,0.0
2003-06-18,-36.0,0.0
2003-06-25,-36.0,0.0
2003-07-02,-36.0,0.0
2003-07-09,-35.0,1.0
2003-07-16,-35.0,0.0
2003-07-23,-35.0,0.0
2003-07-30,-34.0,1.0
2003-08-06,-34.0,0.0
2003-08-13,-34.0,0.0
2003-08-20,-35.0,-1.0
2003-08-27,-35.0,0.0
2003-09-03,-35.0,0.0
2003-09-10,-35.0,0.0
2003-09-17,-35.0,0.0
2003-09-24,-35.0,0.0
2003-10-01,-35.0,0.0
2003-10-08,-35.0,0.0
2003-10-15,-35.0,0.0
2003-10-22,-35.0,0.0
2003-10-29,-35.0,0.0
2003-11-05,-35.0,0.0
2003-11-12,-35.0,0.0
2003-11-19,-36.0,-1.0
2003-11-26,-35.0,1.0
2003-12-03,-35.0,0.0
2003-12-10,-35.0,0.0
2003-12-17,-35.0,0.0
2003-12-24,-34.0,1.0
2003-12-31,-35.0,-1.0
2004-01-07,-35.0,0.0
2004-01-14,-35.0,0.0
2004-01-21,-35.0,0.0
2004-01-28,-35.0,0.0
2004-02-04,-35.0,0.0
2004-02-11,-35.0,0.0
2004-02-18,-35.0,0.0
2004-02-25,-35.0,0.0
2004-03-03,-35.0,0.0
2004-03-10,-35.0,0.0
2004-03-17,-35.0,0.0
2004-03-24,-35.0,0.0
2004-03-31,-35.0,0.0
2004-04-07,-40.0,-5.0
2004-04-14,-40.0,0.0
2004-04-21,-39.0,1.0
2004-04-28,-39.0,0.0
2004-05-05,-40.0,-1.0
2004-05-12,-40.0,0.0
2004-05-19,-42.0,-2.0
2004-05-26,-42.0,0.0
2004-06-02,-43.0,-1.0
2004-06-09,-45.0,-2.0
2004-06-16,-46.0,-1.0
2004-06-23,-47.0,-1.0
2004-06-30,-48.0,-1.0
2004-07-07,-49.0,-1.0
2004-07-14,-49.0,0.0
2004-07-21,-50.0,-1.0
2004-07-28,-51.0,-1.0
2004-08-04,-52.0,-1.0
2004-08-11,-53.0,-1.0
2004-08-18,-54.0,-1.0
2004-08-25,-55.0,-1.0
2004-09-01,-56.0,-1.0
2004-09-08,-57.0,-1.0
2004-09-15,-57.0,0.0
2004-09-22,-58.0,-1.0
2004-09-29,-58.0,0.0
2004-10-06,-60.0,-2.0
2004-10-13,-61.0,-1.0
2004-10-20,-60.0,1.0
2004-10-27,-60.0,0.0
2004-11-03,-62.0,-2.0
2004-11-10,-62.0,0.0
2004-11-17,-65.0,-3.0
2004-11-24,-66.0,-1.0
2004-12-01,-68.0,-2.0
2004-12-08,-69.0,-1.0
2004-12-15,-70.0,-1.0
2004-12-22,-70.0,0.0
2004-12-29,-70.0,0.0
2005-01-05,-71.0,-1.0
2005-01-12,-72.0,-1.0
2005-01-19,-72.0,0.0
2005-01-26,-73.0,-1.0
2005-02-02,-74.0,-1.0
2005-02-09,-75.0,-1.0
2005-02-16,-77.0,-2.0
2005-02-23,-77.0,0.0
2005-03-02,-79.0,-2.0
2005-03-09,-80.0,-1.0
2005-03-16,-81.0,-1.0
2005-03-23,-82.0,-1.0
2005-03-30,-83.0,-1.0
2005-04-06,-84.0,-1.0
2005-04-13,-91.0,-7.0
2005-04-20,-91.0,0.0
2005-04-27,-92.0,-1.0
2005-05-04,-91.0,1.0
2005-05-11,-91.0,0.0
2005-05-18,-93.0,-2.0
2005-05-25,-94.0,-1.0
2005-06-01,-95.0,-1.0
2005-06-08,-96.0,-1.0
2005-06-15,-97.0,-1.0
2005-06-22,-97.0,0.0
2005-06-29,-98.0,-1.0
2005-07-06,-98.0,0.0
2005-07-13,-99.0,-1.0
2005-07-20,-99.0,0.0
2005-07-27,-100.0,-1.0
2005-08-03,-102.0,-2.0
2005-08-10,-103.0,-1.0
2005-08-17,-107.0,-4.0
2005-08-24,-109.0,-2.0
2005-08-31,-111.0,-2.0
2005-09-07,-112.0,-1.0
2005-09-14,-115.0,-3.0
2005-09-21,-115.0,0.0
2005-09-28,-118.0,-3.0
2005-10-05,-119.0,-1.0
2005-10-12,-120.0,-1.0
2005-10-19,-121.0,-1.0
2005-10-26,-123.0,-2.0
2005-11-02,-125.0,-2.0
2005-11-09,-126.0,-1.0
2005-11-16,-129.0,-3.0
2005-11-23,-130.0,-1.0
2005-11-30,-133.0,-3.0
2005-12-07,-133.0,0.0
2005-12-14,-134.0,-1.0
2005-12-21,-134.0,0.0
2005-12-28,-134.0,0.0
2006-01-04,-133.0,1.0
2006-01-11,-134.0,-1.0
2006-01-18,-135.0,-1.0
2006-01-25,-136.0,-1.0
2006-02-01,-141.0,-5.0
2006-02-08,-142.0,-1.0
2006-02-15,-146.0,-4.0
2006-02-22,-147.0,-1.0
2006-03-01,-150.0,-3.0
2006-03-08,-152.0,-2.0
2006-03-15,-155.0,-3.0
2006-03-22,-156.0,-1.0
2006-03-29,-157.0,-1.0
2006-04-05,-157.0,0.0
2006-04-12,-155.0,2.0
2006-04-19,-140.0,15.0
2006-04-26,-141.0,-1.0
2006-05-03,-141.0,0.0
2006-05-10,-141.0,0.0
2006-05-17,-144.0,-3.0
2006-05-24,-147.0,-3.0
2006-05-31,-148.0,-1.0
2006-06-07,-153.0,-5.0
2006-06-14,-154.0,-1.0
2006-06-21,-155.0,-1.0
2006-06-28,-155.0,0.0
2006-07-05,-157.0,-2.0
2006-07-12,-157.0,0.0
2006-07-19,-159.0,-2.0
2006-07-26,-159.0,0.0
2006-08-02,-165.0,-6.0
2006-08-09,-165.0,0.0
2006-08-16,-172.0,-7.0
2006-08-23,-173.0,-1.0
2006-08-30,-174.0,-1.0
2006-09-06,-176.0,-2.0
2006-09-13,-179.0,-3.0
2006-09-20,-179.0,0.0
2006-09-27,-180.0,-1.0
2006-10-04,-180.0,0.0
2006-10-11,-179.0,1.0
2006-10-18,-178.0,1.0
2006-10-25,-178.0,0.0
2006-11-01,-180.0,-2.0
2006-11-08,-180.0,0.0
2006-11-15,-180.0,0.0
2006-11-22,-178.0,2.0
2006-11-29,-179.0,-1.0
2006-12-06,-178.0,1.0
2006-12-13,-177.0,1.0
2006-12-20,-177.0,0.0
2006-12-27,-175.0,2.0
2007-01-03,-175.0,0.0
2007-01-10,-174.0,1.0
2007-01-17,-173.0,1.0
2007-01-24,-172.0,1.0
2007-01-31,-172.0,0.0
2007-02-07,-171.0,1.0
2007-02-14,-171.0,0.0
2007-02-21,-172.0,-1.0
2007-02-28,-173.0,-1.0
2007-03-07,-174.0,-1.0
2007-03-14,-174.0,0.0
2007-03-21,-174.0,0.0
2007-03-28,-174.0,0.0
2007-04-04,-174.0,0.0
2007-04-11,-172.0,2.0
2007-04-18,-167.0,5.0
2007-04-25,-166.0,1.0
2007-05-02,-165.0,1.0
2007-05-09,-164.0,1.0
2007-05-16,-166.0,-2.0
2007-05-23,-164.0,2.0
2007-05-30,-164.0,0.0
2007-06-06,-165.0,-1.0
2007-06-13,-165.0,0.0
2007-06-20,-166.0,-1.0
2007-06-27,-166.0,0.0
2007-07-04,-166.0,0.0
2007-07-11,-167.0,-1.0
2007-07-18,-167.0,0.0
2007-07-25,-167.0,0.0
2007-08-01,-169.0,-2.0
2007-08-08,-169.0,0.0
2007-08-15,-175.0,-6.0
2007-08-22,-175.0,0.0
2007-08-29,-171.0,4.0
2007-09-05,-171.0,0.0
2007-09-12,-171.0,0.0
2007-09-19,-169.0,2.0
2007-09-26,-167.0,2.0
2007-10-03,-163.0,4.0
2007-10-10,-161.0,2.0
2007-10-17,-159.0,2.0
2007-10-24,-157.0,2.0
2007-10-31,-156.0,1.0
2007-11-07,-154.0,2.0
2007-11-14,-153.0,1.0
2007-11-21,-151.0,2.0
2007-11-28,-151.0,0.0
2007-12-05,-149.0,2.0
2007-12-12,-147.0,2.0
2007-12-19,-145.0,2.0
2007-12-26,-136.0,9.0
2008-01-02,-128.0,8.0
2008-01-09,-121.0,7.0
2008-01-16,-120.0,1.0
2008-01-23,-117.0,3.0
2008-01-30,-113.0,4.0
2008-02-06,-111.0,2.0
2008-02-13,-110.0,1.0
2008-02-20,-113.0,-3.0
2008-02-27,-111.0,2.0
2008-03-05,-110.0,1.0
2008-03-12,-105.0,5.0
2008-03-19,-92.0,13.0
2008-03-26,-79.0,13.0
2008-04-02,-74.0,5.0
2008-04-09,-72.0,2.0
2008-04-16,-70.0,2.0
2008-04-23,-65.0,5.0
2008-04-30,-65.0,0.0
2008-05-07,-63.0,2.0
2008-05-14,-59.0,4.0
2008-05-21,-63.0,-4.0
2008-05-28,-62.0,1.0
2008-06-04,-61.0,1.0
2008-06-11,-60.0,1.0
2008-06-18,-60.0,0.0
2008-06-25,-59.0,1.0
2008-07-02,-59.0,0.0
2008-07-09,-58.0,1.0
2008-07-16,-58.0,0.0
2008-07-23,-57.0,1.0
2008-07-30,-57.0,0.0
2008-08-06,-59.0,-2.0
2008-08-13,-58.0,1.0
2008-08-20,-62.0,-4.0
2008-08-27,-62.0,0.0
2008-09-03,-62.0,0.0
2008-09-10,-61.0,1.0
2008-09-17,-59.0,2.0
2008-09-24,-62.0,-3.0
2008-10-01,-63.0,-1.0
2008-10-08,-63.0,0.0
2008-10-15,-67.0,-4.0
2008-10-22,-67.0,0.0
2008-10-29,-66.0,1.0
2008-11-05,-67.0,-1.0
2008-11-12,-66.0,1.0
2008-11-19,-64.0,2.0
2008-11-26,-64.0,0.0
2008-12-03,-64.0,0.0
2008-12-10,-63.0,1.0
2008-12-17,-62.0,1.0
2008-12-24,-62.0,0.0
2008-12-31,-62.0,0.0
2009-01-07,-61.0,1.0
2009-01-14,-61.0,0.0
2009-01-21,-61.0,0.0
2009-01-28,-61.0,0.0
2009-02-04,-61.0,0.0
2009-02-11,-60.0,1.0
2009-02-18,-61.0,-1.0
2009-02-25,-61.0,0.0
2009-03-04,-61.0,0.0
2009-03-11,-61.0,0.0
2009-03-18,-70.0,-9.0
2009-03-25,-69.0,1.0
2009-04-01,-61.0,8.0
2009-04-08,-59.0,2.0
2009-04-15,-61.0,-2.0
2009-04-22,-70.0,-9.0
2009-04-29,-70.0,0.0
2009-05-06,-72.0,-2.0
2009-05-13,-72.0,0.0
2009-05-20,-74.0,-2.0
2009-05-27,-75.0,-1.0
2009-06-03,-75.0,0.0
2009-06-10,-74.0,1.0
2009-06-17,-83.0,-9.0
2009-06-24,-85.0,-2.0
2009-07-01,-86.0,-1.0
2009-07-08,-89.0,-3.0
2009-07-15,-115.0,-26.0
2009-07-22,-120.0,-5.0
2009-07-29,-121.0,-1.0
2009-08-05,-122.0,-1.0
2009-08-12,-132.0,-10.0
2009-08-19,-152.0,-20.0
2009-08-26,-157.0,-5.0
2009-09-02,-148.0,9.0
2009-09-09,-147.0,1.0
2009-09-16,-151.0,-4.0
2009-09-23,-151.0,0.0
2009-09-30,-152.0,-1.0
2009-10-07,-151.0,1.0
2009-10-14,-153.0,-2.0
2009-10-21,-152.0,1.0
2009-10-28,-152.0,0.0
2009-11-04,-152.0,0.0
2009-11-11,-152.0,0.0
2009-11-18,-156.0,-4.0
2009-11-25,-155.0,1.0
2009-12-02,-155.0,0.0
2009-12-09,-155.0,0.0
2009-12-16,-155.0,0.0
2009-12-23,-155.0,0.0
2009-12-30,-154.0,1.0
2010-01-06,-154.0,0.0
2010-01-13,-157.0,-3.0
2010-01-20,-159.0,-2.0
2010-01-27,-158.0,1.0
2010-02-03,-158.0,0.0
2010-02-10,-158.0,0.0
2010-02-17,-163.0,-5.0
2010-02-24,-163.0,0.0
2010-03-03,-163.0,0.0
2010-03-10,-163.0,0.0
2010-03-17,-164.0,-1.0
2010-03-24,-163.0,1.0
2010-03-31,-164.0,-1.0
2010-04-07,-163.0,1.0
2010-04-14,-164.0,-1.0
2010-04-21,-145.0,19.0
2010-04-28,-145.0,0.0
2010-05-05,-145.0,0.0
2010-05-12,-145.0,0.0
2010-05-19,-146.0,-1.0
2010-05-26,-146.0,0.0
2010-06-02,-145.0,1.0
2010-06-09,-145.0,0.0
2010-06-16,-145.0,0.0
2010-06-23,-144.0,1.0
2010-06-30,-145.0,-1.0
2010-07-07,-144.0,1.0
2010-07-14,-144.0,0.0
2010-07-21,-144.0,0.0
2010-07-28,-143.0,1.0
2010-08-04,-143.0,0.0
2010-08-11,-143.0,0.0
2010-08-18,-143.0,0.0
2010-08-25,-141.0,2.0
2010-09-01,-140.0,1.0
2010-09-08,-138.0,2.0
2010-09-15,-137.0,1.0
2010-09-22,-136.0,1.0
2010-09-29,-134.0,2.0
2010-10-06,-132.0,2.0
2010-10-13,-132.0,0.0
2010-10-20,-130.0,2.0
2010-10-27,-128.0,2.0
2010-11-03,-128.0,0.0
2010-11-10,-126.0,2.0
2010-11-17,-124.0,2.0
2010-11-24,-117.0,7.0
2010-12-01,-117.0,0.0
2010-12-08,-117.0,0.0
2010-12-15,-117.0,0.0
2010-12-22,-120.0,-3.0
2010-12-29,-121.0,-1.0
2011-01-05,-122.0,-1.0
2011-01-12,-127.0,-5.0
2011-01-19,-130.0,-3.0
2011-01-26,-136.0,-6.0
2011-02-02,-136.0,0.0
2011-02-09,-147.0,-11.0
2011-02-16,-161.0,-14.0
2011-02-23,-166.0,-5.0
2011-03-02,-168.0,-2.0
2011-03-09,-171.0,-3.0
2011-03-16,-171.0,0.0
2011-03-23,-171.0,0.0
2011-03-30,-171.0,0.0
2011-04-06,-174.0,-3.0
2011-04-13,-175.0,-1.0
2011-04-20,-165.0,10.0
2011-04-27,-164.0,1.0
2011-05-04,-166.0,-2.0
2011-05-11,-165.0,1.0
2011-05-18,-165.0,0.0
2011-05-25,-162.0,3.0
2011-06-01,-162.0,0.0
2011-06-08,-161.0,1.0
2011-06-15,-158.0,3.0
2011-06-22,-157.0,1.0
2011-06-29,-155.0,2.0
2011-07-06,-156.0,-1.0
2011-07-13,-155.0,1.0
2011-07-20,-155.0,0.0
2011-07-27,-152.0,3.0
2011-08-03,-151.0,1.0
2011-08-10,-151.0,0.0
2011-08-17,-150.0,1.0
2011-08-24,-147.0,3.0
2011-08-31,-139.0,8.0
2011-09-07,-138.0,1.0
2011-09-14,-136.0,2.0
2011-09-21,-135.0,1.0
2011-09-28,-131.0,4.0
2011-10-05,-124.0,7.0
2011-10-12,-117.0,7.0
2011-10-19,-110.0,7.0
2011-10-26,-106.0,4.0
2011-11-02,-105.0,1.0
2011-11-09,-104.0,1.0
2011-11-16,-103.0,1.0
2011-11-23,-101.0,2.0
2011-11-30,-100.0,1.0
2011-12-07,-100.0,0.0
2011-12-14,-98.0,2.0
2011-12-21,-96.0,2.0
2011-12-28,-95.0,1.0
2012-01-04,-94.0,1.0
2012-01-11,-93.0,1.0
2012-01-18,-92.0,1.0
2012-01-25,-92.0,0.0
2012-02-01,-91.0,1.0
2012-02-08,-91.0,0.0
2012-02-15,-93.0,-2.0
2012-02-22,-92.0,1.0
2012-02-29,-92.0,0.0
2012-03-07,-91.0,1.0
2012-03-14,-91.0,0.0
2012-03-21,-93.0,-2.0
2012-03-28,-92.0,1.0
2012-04-04,-92.0,0.0
2012-04-11,-92.0,0.0
2012-04-18,-92.0,0.0
2012-04-25,-90.0,2.0
2012-05-02,-90.0,0.0
2012-05-09,-90.0,0.0
2012-05-16,-90.0,0.0
2012-05-23,-90.0,0.0
2012-05-30,-89.0,1.0
2012-06-06,-88.0,1.0
2012-06-13,-88.0,0.0
2012-06-20,-85.0,3.0
2012-06-27,-84.0,1.0
2012-07-04,-83.0,1.0
2012-07-11,-82.0,1.0
2012-07-18,-80.0,2.0
2012-07-25,-79.0,1.0
2012-08-01,-77.0,2.0
2012-08-08,-77.0,0.0
2012-08-15,-75.0,2.0
2012-08-22,-74.0,1.0
2012-08-29,-71.0,3.0
2012-09-05,-71.0,0.0
2012-09-12,-69.0,2.0
2012-09-19,-69.0,0.0
2012-09-26,-67.0,2.0
2012-10-03,-65.0,2.0
2012-10-10,-65.0,0.0
2012-10-17,-65.0,0.0
2012-10-24,-64.0,1.0
2012-10-31,-63.0,1.0
2012-11-07,-63.0,0.0
2012-11-14,-62.0,1.0
2012-11-21,-61.0,1.0
2012-11-28,-60.0,1.0
2012-12-05,-60.0,0.0
2012-12-12,-59.0,1.0
2012-12-19,-60.0,-1.0
2012-12-26,-61.0,-1.0
2013-01-02,-61.0,0.0
2013-01-09,-62.0,-1.0
2013-01-16,-62.0,0.0
2013-01-23,-64.0,-2.0
2013-01-30,-65.0,-1.0
2013-02-06,-65.0,0.0
2013-02-13,-65.0,0.0
2013-02-20,-64.0,1.0
2013-02-27,-65.0,-1.0
2013-03-06,-64.0,1.0
2013-03-13,-65.0,-1.0
2013-03-20,-65.0,0.0
2013-03-27,-65.0,0.0
2013-04-03,-64.0,1.0
2013-04-10,-64.0,0.0
2013-04-17,-65.0,-1.0
2013-04-24,-65.0,0.0
2013-05-01,-64.0,1.0
2013-05-08,-64.0,0.0
2013-05-15,-65.0,-1.0
2013-05-22,-66.0,-1.0
2013-05-29,-67.0,-1.0
2013-06-05,-74.0,-7.0
2013-06-12,-80.0,-6.0
2013-06-19,-82.0,-2.0
2013-06-26,-90.0,-8.0
2013-07-03,-94.0,-4.0
2013-07-10,-98.0,-4.0
2013-07-17,-113.0,-15.0
2013-07-24,-118.0,-5.0
2013-07-31,-125.0,-7.0
2013-08-07,-129.0,-4.0
2013-08-14,-151.0,-22.0
2013-08-21,-170.0,-19.0
2013-08-28,-190.0,-20.0
2013-09-04,-208.0,-18.0
2013-09-11,-228.0,-20.0
2013-09-18,-250.0,-22.0
2013-09-25,-269.0,-19.0
2013-10-02,-282.0,-13.0
2013-10-09,-297.0,-15.0
2013-10-16,-306.0,-9.0
2013-10-23,-321.0,-15.0
2013-10-30,-327.0,-6.0
2013-11-06,-337.0,-10.0
2013-11-13,-351.0,-14.0
2013-11-20,-379.0,-28.0
2013-11-27,-397.0,-18.0
2013-12-04,-404.0,-7.0
2013-12-11,-431.0,-27.0
2013-12-18,-455.0,-24.0
2013-12-25,-480.0,-25.0
2014-01-01,-480.0,0.0
2014-01-08,-491.0,-11.0
2014-01-15,-507.0,-16.0
2014-01-22,-525.0,-18.0
2014-01-29,-547.0,-22.0
2014-02-05,-559.0,-12.0
2014-02-12,-573.0,-14.0
2014-02-19,-588.0,-15.0
2014-02-26,-605.0,-17.0
2014-03-05,-619.0,-14.0
2014-03-12,-632.0,-13.0
2014-03-19,-639.0,-7.0
2014-03-26,-652.0,-13.0
2014-04-02,-666.0,-14.0
2014-04-09,-528.0,138.0
2014-04-16,-533.0,-5.0
2014-04-23,-537.0,-4.0
2014-04-30,-539.0,-2.0
2014-05-07,-542.0,-3.0
2014-05-14,-544.0,-2.0
2014-05-21,-545.0,-1.0
2014-05-28,-547.0,-2.0
2014-06-04,-552.0,-5.0
2014-06-11,-557.0,-5.0
2014-06-18,-559.0,-2.0
2014-06-25,-562.0,-3.0
2014-07-02,-564.0,-2.0
2014-07-09,-565.0,-1.0
2014-07-16,-566.0,-1.0
2014-07-23,-565.0,1.0
2014-07-30,-567.0,-2.0
2014-08-06,-568.0,-1.0
2014-08-13,-570.0,-2.0
2014-08-20,-569.0,1.0
2014-08-27,-569.0,0.0
2014-09-03,-569.0,0.0
2014-09-10,-568.0,1.0
2014-09-17,-570.0,-2.0
2014-09-24,-570.0,0.0
2014-10-01,-572.0,-2.0
2014-10-08,-572.0,0.0
2014-10-15,-570.0,2.0
2014-10-22,-571.0,-1.0
2014-10-29,-570.0,1.0
2014-11-05,-569.0,1.0
2014-11-12,-568.0,1.0
2014-11-19,-567.0,1.0
2014-11-26,-565.0,2.0
2014-12-03,-565.0,0.0
2014-12-10,-564.0,1.0
2014-12-17,-563.0,1.0
2014-12-24,-561.0,2.0
2014-12-31,-560.0,1.0
2015-01-07,-560.0,0.0
2015-01-14,-559.0,1.0
2015-01-21,-557.0,2.0
2015-01-28,-556.0,1.0
2015-02-04,-555.0,1.0
2015-02-11,-554.0,1.0
2015-02-18,-553.0,1.0
2015-02-25,-552.0,1.0
2015-03-04,-551.0,1.0
2015-03-11,-550.0,1.0
2015-03-18,-549.0,1.0
2015-03-25,-548.0,1.0
2015-04-01,-547.0,1.0
2015-04-08,-546.0,1.0
2015-04-15,-545.0,1.0
2015-04-22,-575.0,-30.0
2015-04-29,-574.0,1.0
2015-05-06,-573.0,1.0
2015-05-13,-572.0,1.0
2015-05-20,-571.0,1.0
2015-05-27,-570.0,1.0
2015-06-03,-569.0,1.0
2015-06-10,-568.0,1.0
2015-06-17,-566.0,2.0
2015-06-24,-565.0,1.0
2015-07-01,-564.0,1.0
2015-07-08,-563.0,1.0
2015-07-15,-562.0,1.0
2015-07-22,-561.0,1.0
2015-07-29,-560.0,1.0
