Date,Values,Delta Calculations
2002-12-18,370.0, 
2002-12-25,372.0,2.0
2003-01-01,378.0,6.0
2003-01-08,376.0,-2.0
2003-01-15,381.0,5.0
2003-01-22,384.0,3.0
2003-01-29,386.0,2.0
2003-02-05,382.0,-4.0
2003-02-12,377.0,-5.0
2003-02-19,382.0,5.0
2003-02-26,385.0,3.0
2003-03-05,388.0,3.0
2003-03-12,390.0,2.0
2003-03-19,377.0,-13.0
2003-03-26,379.0,2.0
2003-04-02,382.0,3.0
2003-04-09,379.0,-3.0
2003-04-16,383.0,4.0
2003-04-23,384.0,1.0
2003-04-30,391.0,7.0
2003-05-07,398.0,7.0
2003-05-14,402.0,4.0
2003-05-21,404.0,2.0
2003-05-28,403.0,-1.0
2003-06-04,402.0,-1.0
2003-06-11,405.0,3.0
2003-06-18,403.0,-2.0
2003-06-25,402.0,-1.0
2003-07-02,399.0,-3.0
2003-07-09,396.0,-3.0
2003-07-16,394.0,-2.0
2003-07-23,398.0,4.0
2003-07-30,394.0,-4.0
2003-08-06,394.0,0.0
2003-08-13,395.0,1.0
2003-08-20,392.0,-3.0
2003-08-27,389.0,-3.0
2003-09-03,391.0,2.0
2003-09-10,396.0,5.0
2003-09-17,399.0,3.0
2003-09-24,410.0,11.0
2003-10-01,417.0,7.0
2003-10-08,421.0,4.0
2003-10-15,418.0,-3.0
2003-10-22,422.0,4.0
2003-10-29,421.0,-1.0
2003-11-05,414.0,-7.0
2003-11-12,420.0,6.0
2003-11-19,424.0,4.0
2003-11-26,424.0,0.0
2003-12-03,430.0,6.0
2003-12-10,432.0,2.0
2003-12-17,437.0,5.0
2003-12-24,439.0,2.0
2003-12-31,442.0,3.0
2004-01-07,445.0,3.0
2004-01-14,447.0,2.0
2004-01-21,443.0,-4.0
2004-01-28,251.0,-192.0
2004-02-04,250.0,-1.0
2004-02-11,253.0,3.0
2004-02-18,252.0,-1.0
2004-02-25,246.0,-6.0
2004-03-03,240.0,-6.0
2004-03-10,241.0,1.0
2004-03-17,244.0,3.0
2004-03-24,246.0,2.0
2004-03-31,249.0,3.0
2004-04-07,247.0,-2.0
2004-04-14,241.0,-6.0
2004-04-21,239.0,-2.0
2004-04-28,238.0,-1.0
2004-05-05,243.0,5.0
2004-05-12,236.0,-7.0
2004-05-19,238.0,2.0
2004-05-26,240.0,2.0
2004-06-02,243.0,3.0
2004-06-09,242.0,-1.0
2004-06-16,240.0,-2.0
2004-06-23,243.0,3.0
2004-06-30,243.0,0.0
2004-07-07,246.0,3.0
2004-07-14,246.0,0.0
2004-07-21,243.0,-3.0
2004-07-28,240.0,-3.0
2004-08-04,240.0,0.0
2004-08-11,243.0,3.0
2004-08-18,245.0,2.0
2004-08-25,242.0,-3.0
2004-09-01,243.0,1.0
2004-09-08,244.0,1.0
2004-09-15,242.0,-2.0
2004-09-22,244.0,2.0
2004-09-29,244.0,0.0
2004-10-06,243.0,-1.0
2004-10-13,245.0,2.0
2004-10-20,250.0,5.0
2004-10-27,253.0,3.0
2004-11-03,254.0,1.0
2004-11-10,255.0,1.0
2004-11-17,259.0,4.0
2004-11-24,262.0,3.0
2004-12-01,264.0,2.0
2004-12-08,261.0,-3.0
2004-12-15,264.0,3.0
2004-12-22,264.0,0.0
2004-12-29,266.0,2.0
2005-01-05,263.0,-3.0
2005-01-12,265.0,2.0
2005-01-19,262.0,-3.0
2005-01-26,262.0,0.0
2005-02-02,238.0,-24.0
2005-02-09,235.0,-3.0
2005-02-16,237.0,2.0
2005-02-23,240.0,3.0
2005-03-02,239.0,-1.0
2005-03-09,243.0,4.0
2005-03-16,243.0,0.0
2005-03-23,237.0,-6.0
2005-03-30,235.0,-2.0
2005-04-06,233.0,-2.0
2005-04-13,235.0,2.0
2005-04-20,237.0,2.0
2005-04-27,237.0,0.0
2005-05-04,238.0,1.0
2005-05-11,236.0,-2.0
2005-05-18,233.0,-3.0
2005-05-25,232.0,-1.0
2005-06-01,227.0,-5.0
2005-06-08,230.0,3.0
2005-06-15,225.0,-5.0
2005-06-22,226.0,1.0
2005-06-29,224.0,-2.0
2005-07-06,221.0,-3.0
2005-07-13,223.0,2.0
2005-07-20,221.0,-2.0
2005-07-27,222.0,1.0
2005-08-03,227.0,5.0
2005-08-10,227.0,0.0
2005-08-17,227.0,0.0
2005-08-24,226.0,-1.0
2005-08-31,227.0,1.0
2005-09-07,229.0,2.0
2005-09-14,227.0,-2.0
2005-09-21,225.0,-2.0
2005-09-28,222.0,-3.0
2005-10-05,221.0,-1.0
2005-10-12,221.0,0.0
2005-10-19,220.0,-1.0
2005-10-26,221.0,1.0
2005-11-02,220.0,-1.0
2005-11-09,216.0,-4.0
2005-11-16,214.0,-2.0
2005-11-23,216.0,2.0
2005-11-30,215.0,-1.0
2005-12-07,213.0,-2.0
2005-12-14,220.0,7.0
2005-12-21,217.0,-3.0
2005-12-28,218.0,1.0
2006-01-04,221.0,3.0
2006-01-11,223.0,2.0
2006-01-18,222.0,-1.0
2006-01-25,223.0,1.0
2006-02-01,220.0,-3.0
2006-02-08,218.0,-2.0
2006-02-15,218.0,0.0
2006-02-22,219.0,1.0
2006-03-01,221.0,2.0
2006-03-08,220.0,-1.0
2006-03-15,222.0,2.0
2006-03-22,223.0,1.0
2006-03-29,221.0,-2.0
2006-04-05,224.0,3.0
2006-04-12,222.0,-2.0
2006-04-19,225.0,3.0
2006-04-26,229.0,4.0
2006-05-03,232.0,3.0
2006-05-10,236.0,4.0
2006-05-17,235.0,-1.0
2006-05-24,234.0,-1.0
2006-05-31,235.0,1.0
2006-06-07,234.0,-1.0
2006-06-14,231.0,-3.0
2006-06-21,232.0,1.0
2006-06-28,229.0,-3.0
2006-07-05,232.0,3.0
2006-07-12,232.0,0.0
2006-07-19,229.0,-3.0
2006-07-26,230.0,1.0
2006-08-02,234.0,4.0
2006-08-09,234.0,0.0
2006-08-16,234.0,0.0
2006-08-23,232.0,-2.0
2006-08-30,232.0,0.0
2006-09-06,232.0,0.0
2006-09-13,231.0,-1.0
2006-09-20,231.0,0.0
2006-09-27,231.0,0.0
2006-10-04,230.0,-1.0
2006-10-11,228.0,-2.0
2006-10-18,228.0,0.0
2006-10-25,229.0,1.0
2006-11-01,232.0,3.0
2006-11-08,232.0,0.0
2006-11-15,232.0,0.0
2006-11-22,235.0,3.0
2006-11-29,238.0,3.0
2006-12-06,240.0,2.0
2006-12-13,238.0,-2.0
2006-12-20,237.0,-1.0
2006-12-27,236.0,-1.0
2007-01-03,236.0,0.0
2007-01-10,233.0,-3.0
2007-01-17,233.0,0.0
2007-01-24,233.0,0.0
2007-01-31,233.0,0.0
2007-02-07,280.0,47.0
2007-02-14,281.0,1.0
2007-02-21,281.0,0.0
2007-02-28,285.0,4.0
2007-03-07,286.0,1.0
2007-03-14,287.0,1.0
2007-03-21,287.0,0.0
2007-03-28,288.0,1.0
2007-04-04,287.0,-1.0
2007-04-11,288.0,1.0
2007-04-18,291.0,3.0
2007-04-25,291.0,0.0
2007-05-02,290.0,-1.0
2007-05-09,289.0,-1.0
2007-05-16,288.0,-1.0
2007-05-23,287.0,-1.0
2007-05-30,287.0,0.0
2007-06-06,288.0,1.0
2007-06-13,284.0,-4.0
2007-06-20,285.0,1.0
2007-06-27,286.0,1.0
2007-07-04,289.0,3.0
2007-07-11,291.0,2.0
2007-07-18,292.0,1.0
2007-07-25,293.0,1.0
2007-08-01,294.0,1.0
2007-08-08,295.0,1.0
2007-08-15,293.0,-2.0
2007-08-22,296.0,3.0
2007-08-29,297.0,1.0
2007-09-05,298.0,1.0
2007-09-12,302.0,4.0
2007-09-19,301.0,-1.0
2007-09-26,304.0,3.0
2007-10-03,303.0,-1.0
2007-10-10,303.0,0.0
2007-10-17,305.0,2.0
2007-10-24,308.0,3.0
2007-10-31,310.0,2.0
2007-11-07,315.0,5.0
2007-11-14,317.0,2.0
2007-11-21,322.0,5.0
2007-11-28,319.0,-3.0
2007-12-05,318.0,-1.0
2007-12-12,317.0,-1.0
2007-12-19,311.0,-6.0
2007-12-26,313.0,2.0
2008-01-02,321.0,8.0
2008-01-09,321.0,0.0
2008-01-16,323.0,2.0
2008-01-23,324.0,1.0
2008-01-30,326.0,2.0
2008-02-06,462.0,136.0
2008-02-13,459.0,-3.0
2008-02-20,460.0,1.0
2008-02-27,473.0,13.0
2008-03-05,479.0,6.0
2008-03-12,487.0,8.0
2008-03-19,495.0,8.0
2008-03-26,498.0,3.0
2008-04-02,489.0,-9.0
2008-04-09,495.0,6.0
2008-04-16,500.0,5.0
2008-04-23,495.0,-5.0
2008-04-30,487.0,-8.0
2008-05-07,482.0,-5.0
2008-05-14,484.0,2.0
2008-05-21,494.0,10.0
2008-05-28,489.0,-5.0
2008-06-04,486.0,-3.0
2008-06-11,485.0,-1.0
2008-06-18,482.0,-3.0
2008-06-25,483.0,1.0
2008-07-02,494.0,11.0
2008-07-09,489.0,-5.0
2008-07-16,496.0,7.0
2008-07-23,488.0,-8.0
2008-07-30,485.0,-3.0
2008-08-06,479.0,-6.0
2008-08-13,471.0,-8.0
2008-08-20,465.0,-6.0
2008-08-27,466.0,1.0
2008-09-03,464.0,-2.0
2008-09-10,456.0,-8.0
2008-09-17,465.0,9.0
2008-09-24,473.0,8.0
2008-10-01,462.0,-11.0
2008-10-08,468.0,6.0
2008-10-15,464.0,-4.0
2008-10-22,458.0,-6.0
2008-10-29,459.0,1.0
2008-11-05,463.0,4.0
2008-11-12,461.0,-2.0
2008-11-19,463.0,2.0
2008-11-26,467.0,4.0
2008-12-03,470.0,3.0
2008-12-10,480.0,10.0
2008-12-17,522.0,42.0
2008-12-24,508.0,-14.0
2008-12-31,510.0,2.0
2009-01-07,499.0,-11.0
2009-01-14,495.0,-4.0
2009-01-21,491.0,-4.0
2009-01-28,496.0,5.0
2009-02-04,314.0,-182.0
2009-02-11,313.0,-1.0
2009-02-18,305.0,-8.0
2009-02-25,303.0,-2.0
2009-03-04,294.0,-9.0
2009-03-11,299.0,5.0
2009-03-18,303.0,4.0
2009-03-25,310.0,7.0
2009-04-01,304.0,-6.0
2009-04-08,304.0,0.0
2009-04-15,303.0,-1.0
2009-04-22,303.0,0.0
2009-04-29,307.0,4.0
2009-05-06,305.0,-2.0
2009-05-13,313.0,8.0
2009-05-20,316.0,3.0
2009-05-27,317.0,1.0
2009-06-03,319.0,2.0
2009-06-10,313.0,-6.0
2009-06-17,315.0,2.0
2009-06-24,317.0,2.0
2009-07-01,318.0,1.0
2009-07-08,319.0,1.0
2009-07-15,321.0,2.0
2009-07-22,322.0,1.0
2009-07-29,318.0,-4.0
2009-08-05,322.0,4.0
2009-08-12,319.0,-3.0
2009-08-19,322.0,3.0
2009-08-26,321.0,-1.0
2009-09-02,324.0,3.0
2009-09-09,329.0,5.0
2009-09-16,332.0,3.0
2009-09-23,332.0,0.0
2009-09-30,334.0,2.0
2009-10-07,336.0,2.0
2009-10-14,338.0,2.0
2009-10-21,337.0,-1.0
2009-10-28,333.0,-4.0
2009-11-04,334.0,1.0
2009-11-11,338.0,4.0
2009-11-18,339.0,1.0
2009-11-25,343.0,4.0
2009-12-02,344.0,1.0
2009-12-09,338.0,-6.0
2009-12-16,333.0,-5.0
2009-12-23,327.0,-6.0
2009-12-30,325.0,-2.0
2010-01-06,327.0,2.0
2010-01-13,330.0,3.0
2010-01-20,325.0,-5.0
2010-01-27,327.0,2.0
2010-02-03,345.0,18.0
2010-02-10,344.0,-1.0
2010-02-17,341.0,-3.0
2010-02-24,342.0,1.0
2010-03-03,347.0,5.0
2010-03-10,342.0,-5.0
2010-03-17,344.0,2.0
2010-03-24,336.0,-8.0
2010-03-31,336.0,0.0
2010-04-07,334.0,-2.0
2010-04-14,339.0,5.0
2010-04-21,335.0,-4.0
2010-04-28,330.0,-5.0
2010-05-05,326.0,-4.0
2010-05-12,325.0,-1.0
2010-05-19,323.0,-2.0
2010-05-26,323.0,0.0
2010-06-02,320.0,-3.0
2010-06-09,318.0,-2.0
2010-06-16,323.0,5.0
2010-06-23,323.0,0.0
2010-06-30,327.0,4.0
2010-07-07,334.0,7.0
2010-07-14,334.0,0.0
2010-07-21,337.0,3.0
2010-07-28,339.0,2.0
2010-08-04,344.0,5.0
2010-08-11,342.0,-2.0
2010-08-18,341.0,-1.0
2010-08-25,340.0,-1.0
2010-09-01,342.0,2.0
2010-09-08,342.0,0.0
2010-09-15,343.0,1.0
2010-09-22,351.0,8.0
2010-09-29,356.0,5.0
2010-10-06,362.0,6.0
2010-10-13,364.0,2.0
2010-10-20,365.0,1.0
2010-10-27,362.0,-3.0
2010-11-03,366.0,4.0
2010-11-10,360.0,-6.0
2010-11-17,356.0,-4.0
2010-11-24,353.0,-3.0
2010-12-01,349.0,-4.0
2010-12-08,350.0,1.0
2010-12-15,351.0,1.0
2010-12-22,349.0,-2.0
2010-12-29,353.0,4.0
2011-01-05,351.0,-2.0
2011-01-12,349.0,-2.0
2011-01-19,358.0,9.0
2011-01-26,360.0,2.0
2011-02-02,400.0,40.0
2011-02-09,397.0,-3.0
2011-02-16,392.0,-5.0
2011-02-23,398.0,6.0
2011-03-02,402.0,4.0
2011-03-09,400.0,-2.0
2011-03-16,406.0,6.0
2011-03-23,400.0,-6.0
2011-03-30,395.0,-5.0
2011-04-06,395.0,0.0
2011-04-13,400.0,5.0
2011-04-20,403.0,3.0
2011-04-27,405.0,2.0
2011-05-04,413.0,8.0
2011-05-11,403.0,-10.0
2011-05-18,402.0,-1.0
2011-05-25,398.0,-4.0
2011-06-01,406.0,8.0
2011-06-08,411.0,5.0
2011-06-15,403.0,-8.0
2011-06-22,407.0,4.0
2011-06-29,406.0,-1.0
2011-07-06,404.0,-2.0
2011-07-13,406.0,2.0
2011-07-20,407.0,1.0
2011-07-27,412.0,5.0
2011-08-03,414.0,2.0
2011-08-10,413.0,-1.0
2011-08-17,417.0,4.0
2011-08-24,416.0,-1.0
2011-08-31,416.0,0.0
2011-09-07,409.0,-7.0
2011-09-14,405.0,-4.0
2011-09-21,406.0,1.0
2011-09-28,404.0,-2.0
2011-10-05,398.0,-6.0
2011-10-12,405.0,7.0
2011-10-19,406.0,1.0
2011-10-26,409.0,3.0
2011-11-02,404.0,-5.0
2011-11-09,401.0,-3.0
2011-11-16,401.0,0.0
2011-11-23,398.0,-3.0
2011-11-30,399.0,1.0
2011-12-07,398.0,-1.0
2011-12-14,390.0,-8.0
2011-12-21,392.0,2.0
2011-12-28,390.0,-2.0
2012-01-04,393.0,3.0
2012-01-11,389.0,-4.0
2012-01-18,391.0,2.0
2012-01-25,391.0,0.0
2012-02-01,422.0,31.0
2012-02-08,421.0,-1.0
2012-02-15,415.0,-6.0
2012-02-22,413.0,-2.0
2012-02-29,413.0,0.0
2012-03-07,409.0,-4.0
2012-03-14,401.0,-8.0
2012-03-21,405.0,4.0
2012-03-28,408.0,3.0
2012-04-04,406.0,-2.0
2012-04-11,409.0,3.0
2012-04-18,409.0,0.0
2012-04-25,410.0,1.0
2012-05-02,412.0,2.0
2012-05-09,410.0,-2.0
2012-05-16,404.0,-6.0
2012-05-23,404.0,0.0
2012-05-30,402.0,-2.0
2012-06-06,404.0,2.0
2012-06-13,405.0,1.0
2012-06-20,406.0,1.0
2012-06-27,401.0,-5.0
2012-07-04,404.0,3.0
2012-07-11,398.0,-6.0
2012-07-18,400.0,2.0
2012-07-25,400.0,0.0
2012-08-01,402.0,2.0
2012-08-08,403.0,1.0
2012-08-15,401.0,-2.0
2012-08-22,403.0,2.0
2012-08-29,405.0,2.0
2012-09-05,408.0,3.0
2012-09-12,414.0,6.0
2012-09-19,415.0,1.0
2012-09-26,413.0,-2.0
2012-10-03,412.0,-1.0
2012-10-10,413.0,1.0
2012-10-17,416.0,3.0
2012-10-24,410.0,-6.0
2012-10-31,410.0,0.0
2012-11-07,407.0,-3.0
2012-11-14,406.0,-1.0
2012-11-21,402.0,-4.0
2012-11-28,405.0,3.0
2012-12-05,407.0,2.0
2012-12-12,405.0,-2.0
2012-12-19,406.0,1.0
2012-12-26,403.0,-3.0
2013-01-02,399.0,-4.0
2013-01-09,396.0,-3.0
2013-01-16,398.0,2.0
2013-01-23,399.0,1.0
2013-01-30,398.0,-1.0
2013-02-06,390.0,-8.0
2013-02-13,389.0,-1.0
2013-02-20,387.0,-2.0
2013-02-27,385.0,-2.0
2013-03-06,380.0,-5.0
2013-03-13,376.0,-4.0
2013-03-20,377.0,1.0
2013-03-27,376.0,-1.0
2013-04-03,379.0,3.0
2013-04-10,372.0,-7.0
2013-04-17,375.0,3.0
2013-04-24,372.0,-3.0
2013-05-01,378.0,6.0
2013-05-08,375.0,-3.0
2013-05-15,365.0,-10.0
2013-05-22,364.0,-1.0
2013-05-29,369.0,5.0
2013-06-05,374.0,5.0
2013-06-12,384.0,10.0
2013-06-19,385.0,1.0
2013-06-26,375.0,-10.0
2013-07-03,371.0,-4.0
2013-07-10,368.0,-3.0
2013-07-17,373.0,5.0
2013-07-24,375.0,2.0
2013-07-31,378.0,3.0
2013-08-07,382.0,4.0
2013-08-14,378.0,-4.0
2013-08-21,381.0,3.0
2013-08-28,380.0,-1.0
2013-09-04,376.0,-4.0
2013-09-11,376.0,0.0
2013-09-18,379.0,3.0
2013-09-25,383.0,4.0
2013-10-02,386.0,3.0
2013-10-09,384.0,-2.0
2013-10-16,382.0,-2.0
2013-10-23,389.0,7.0
2013-10-30,388.0,-1.0
2013-11-06,383.0,-5.0
2013-11-13,380.0,-3.0
2013-11-20,379.0,-1.0
2013-11-27,378.0,-1.0
2013-12-04,378.0,0.0
2013-12-11,382.0,4.0
2013-12-18,380.0,-2.0
2013-12-25,377.0,-3.0
2014-01-01,378.0,1.0
2014-01-08,375.0,-3.0
2014-01-15,376.0,1.0
2014-01-22,375.0,-1.0
2014-01-29,380.0,5.0
2014-02-05,399.0,19.0
2014-02-12,399.0,0.0
2014-02-19,402.0,3.0
2014-02-26,401.0,-1.0
2014-03-05,402.0,1.0
2014-03-12,404.0,2.0
2014-03-19,406.0,2.0
2014-03-26,403.0,-3.0
2014-04-02,400.0,-3.0
2014-04-09,404.0,4.0
2014-04-16,404.0,0.0
2014-04-23,404.0,0.0
2014-04-30,405.0,1.0
2014-05-07,406.0,1.0
2014-05-14,403.0,-3.0
2014-05-21,402.0,-1.0
2014-05-28,400.0,-2.0
2014-06-04,400.0,0.0
2014-06-11,399.0,-1.0
2014-06-18,399.0,0.0
2014-06-25,401.0,2.0
2014-07-02,402.0,1.0
2014-07-09,401.0,-1.0
2014-07-16,400.0,-1.0
2014-07-23,399.0,-1.0
2014-07-30,395.0,-4.0
2014-08-06,395.0,0.0
2014-08-13,396.0,1.0
2014-08-20,393.0,-3.0
2014-08-27,390.0,-3.0
2014-09-03,388.0,-2.0
2014-09-10,381.0,-7.0
2014-09-17,381.0,0.0
2014-09-24,376.0,-5.0
2014-10-01,373.0,-3.0
2014-10-08,375.0,2.0
2014-10-15,380.0,5.0
2014-10-22,376.0,-4.0
2014-10-29,377.0,1.0
2014-11-05,364.0,-13.0
2014-11-12,362.0,-2.0
2014-11-19,361.0,-1.0
2014-11-26,361.0,0.0
2014-12-03,354.0,-7.0
2014-12-10,358.0,4.0
2014-12-17,359.0,1.0
2014-12-24,352.0,-7.0
2014-12-31,351.0,-1.0
2015-01-07,346.0,-5.0
2015-01-14,349.0,3.0
2015-01-21,344.0,-5.0
2015-01-28,339.0,-5.0
2015-02-04,294.0,-45.0
2015-02-11,289.0,-5.0
2015-02-18,291.0,2.0
2015-02-25,292.0,1.0
2015-03-04,286.0,-6.0
2015-03-11,277.0,-9.0
2015-03-18,279.0,2.0
2015-03-25,285.0,6.0
2015-04-01,282.0,-3.0
2015-04-08,282.0,0.0
2015-04-15,279.0,-3.0
2015-04-22,281.0,2.0
2015-04-29,289.0,8.0
2015-05-06,291.0,2.0
2015-05-13,292.0,1.0
2015-05-20,285.0,-7.0
2015-05-27,280.0,-5.0
2015-06-03,286.0,6.0
2015-06-10,287.0,1.0
2015-06-17,285.0,-2.0
2015-06-24,284.0,-1.0
2015-07-01,284.0,0.0
2015-07-08,286.0,2.0
2015-07-15,281.0,-5.0
2015-07-22,280.0,-1.0
2015-07-29,282.0,2.0
