Date,Values,Delta Calculations
2002-12-18,119.0, 
2002-12-25,117.0,-2.0
2003-01-01,111.0,-6.0
2003-01-08,109.0,-2.0
2003-01-15,111.0,2.0
2003-01-22,117.0,6.0
2003-01-29,121.0,4.0
2003-02-05,125.0,4.0
2003-02-12,127.0,2.0
2003-02-19,127.0,0.0
2003-02-26,126.0,-1.0
2003-03-05,126.0,0.0
2003-03-12,129.0,3.0
2003-03-19,132.0,3.0
2003-03-26,132.0,0.0
2003-04-02,138.0,6.0
2003-04-09,136.0,-2.0
2003-04-16,132.0,-4.0
2003-04-23,130.0,-2.0
2003-04-30,127.0,-3.0
2003-05-07,125.0,-2.0
2003-05-14,121.0,-4.0
2003-05-21,119.0,-2.0
2003-05-28,115.0,-4.0
2003-06-04,111.0,-4.0
2003-06-11,111.0,0.0
2003-06-18,109.0,-2.0
2003-06-25,111.0,2.0
2003-07-02,104.0,-7.0
2003-07-09,98.0,-6.0
2003-07-16,94.0,-4.0
2003-07-23,97.0,3.0
2003-07-30,98.0,1.0
2003-08-06,95.0,-3.0
2003-08-13,94.0,-1.0
2003-08-20,98.0,4.0
2003-08-27,103.0,5.0
2003-09-03,101.0,-2.0
2003-09-10,98.0,-3.0
2003-09-17,96.0,-2.0
2003-09-24,99.0,3.0
2003-10-01,101.0,2.0
2003-10-08,100.0,-1.0
2003-10-15,100.0,0.0
2003-10-22,103.0,3.0
2003-10-29,105.0,2.0
2003-11-05,109.0,4.0
2003-11-12,106.0,-3.0
2003-11-19,104.0,-2.0
2003-11-26,97.0,-7.0
2003-12-03,93.0,-4.0
2003-12-10,91.0,-2.0
2003-12-17,93.0,2.0
2003-12-24,89.0,-4.0
2003-12-31,84.0,-5.0
2004-01-07,86.0,2.0
2004-01-14,90.0,4.0
2004-01-21,95.0,5.0
2004-01-28,99.0,4.0
2004-02-04,103.0,4.0
2004-02-11,104.0,1.0
2004-02-18,110.0,6.0
2004-02-25,118.0,8.0
2004-03-03,116.0,-2.0
2004-03-10,115.0,-1.0
2004-03-17,111.0,-4.0
2004-03-24,111.0,0.0
2004-03-31,109.0,-2.0
2004-04-07,108.0,-1.0
2004-04-14,104.0,-4.0
2004-04-21,102.0,-2.0
2004-04-28,106.0,4.0
2004-05-05,105.0,-1.0
2004-05-12,101.0,-4.0
2004-05-19,103.0,2.0
2004-05-26,100.0,-3.0
2004-06-02,98.0,-2.0
2004-06-09,101.0,3.0
2004-06-16,101.0,0.0
2004-06-23,111.0,10.0
2004-06-30,110.0,-1.0
2004-07-07,101.0,-9.0
2004-07-14,100.0,-1.0
2004-07-21,105.0,5.0
2004-07-28,105.0,0.0
2004-08-04,104.0,-1.0
2004-08-11,106.0,2.0
2004-08-18,105.0,-1.0
2004-08-25,108.0,3.0
2004-09-01,107.0,-1.0
2004-09-08,106.0,-1.0
2004-09-15,105.0,-1.0
2004-09-22,111.0,6.0
2004-09-29,113.0,2.0
2004-10-06,109.0,-4.0
2004-10-13,107.0,-2.0
2004-10-20,110.0,3.0
2004-10-27,112.0,2.0
2004-11-03,109.0,-3.0
2004-11-10,107.0,-2.0
2004-11-17,105.0,-2.0
2004-11-24,105.0,0.0
2004-12-01,97.0,-8.0
2004-12-08,97.0,0.0
2004-12-15,101.0,4.0
2004-12-22,107.0,6.0
2004-12-29,104.0,-3.0
2005-01-05,105.0,1.0
2005-01-12,108.0,3.0
2005-01-19,114.0,6.0
2005-01-26,122.0,8.0
2005-02-02,125.0,3.0
2005-02-09,133.0,8.0
2005-02-16,132.0,-1.0
2005-02-23,128.0,-4.0
2005-03-02,128.0,0.0
2005-03-09,127.0,-1.0
2005-03-16,123.0,-4.0
2005-03-23,119.0,-4.0
2005-03-30,114.0,-5.0
2005-04-06,112.0,-2.0
2005-04-13,110.0,-2.0
2005-04-20,104.0,-6.0
2005-04-27,108.0,4.0
2005-05-04,101.0,-7.0
2005-05-11,96.0,-5.0
2005-05-18,94.0,-2.0
2005-05-25,89.0,-5.0
2005-06-01,85.0,-4.0
2005-06-08,91.0,6.0
2005-06-15,97.0,6.0
2005-06-22,97.0,0.0
2005-06-29,94.0,-3.0
2005-07-06,88.0,-6.0
2005-07-13,90.0,2.0
2005-07-20,93.0,3.0
2005-07-27,93.0,0.0
2005-08-03,94.0,1.0
2005-08-10,97.0,3.0
2005-08-17,97.0,0.0
2005-08-24,96.0,-1.0
2005-08-31,97.0,1.0
2005-09-07,95.0,-2.0
2005-09-14,96.0,1.0
2005-09-21,99.0,3.0
2005-09-28,104.0,5.0
2005-10-05,108.0,4.0
2005-10-12,106.0,-2.0
2005-10-19,110.0,4.0
2005-10-26,114.0,4.0
2005-11-02,115.0,1.0
2005-11-09,113.0,-2.0
2005-11-16,112.0,-1.0
2005-11-23,107.0,-5.0
2005-11-30,101.0,-6.0
2005-12-07,100.0,-1.0
2005-12-14,103.0,3.0
2005-12-21,103.0,0.0
2005-12-28,97.0,-6.0
2006-01-04,92.0,-5.0
2006-01-11,90.0,-2.0
2006-01-18,95.0,5.0
2006-01-25,97.0,2.0
2006-02-01,105.0,8.0
2006-02-08,107.0,2.0
2006-02-15,111.0,4.0
2006-02-22,109.0,-2.0
2006-03-01,106.0,-3.0
2006-03-08,104.0,-2.0
2006-03-15,104.0,0.0
2006-03-22,108.0,4.0
2006-03-29,111.0,3.0
2006-04-05,111.0,0.0
2006-04-12,111.0,0.0
2006-04-19,112.0,1.0
2006-04-26,121.0,9.0
2006-05-03,127.0,6.0
2006-05-10,124.0,-3.0
2006-05-17,121.0,-3.0
2006-05-24,121.0,0.0
2006-05-31,115.0,-6.0
2006-06-07,112.0,-3.0
2006-06-14,119.0,7.0
2006-06-21,120.0,1.0
2006-06-28,121.0,1.0
2006-07-05,116.0,-5.0
2006-07-12,115.0,-1.0
2006-07-19,116.0,1.0
2006-07-26,118.0,2.0
2006-08-02,116.0,-2.0
2006-08-09,118.0,2.0
2006-08-16,118.0,0.0
2006-08-23,118.0,0.0
2006-08-30,118.0,0.0
2006-09-06,115.0,-3.0
2006-09-13,124.0,9.0
2006-09-20,128.0,4.0
2006-09-27,130.0,2.0
2006-10-04,129.0,-1.0
2006-10-11,133.0,4.0
2006-10-18,132.0,-1.0
2006-10-25,134.0,2.0
2006-11-01,134.0,0.0
2006-11-08,139.0,5.0
2006-11-15,136.0,-3.0
2006-11-22,129.0,-7.0
2006-11-29,126.0,-3.0
2006-12-06,123.0,-3.0
2006-12-13,121.0,-2.0
2006-12-20,120.0,-1.0
2006-12-27,119.0,-1.0
2007-01-03,114.0,-5.0
2007-01-10,127.0,13.0
2007-01-17,130.0,3.0
2007-01-24,141.0,11.0
2007-01-31,155.0,14.0
2007-02-07,158.0,3.0
2007-02-14,151.0,-7.0
2007-02-21,147.0,-4.0
2007-02-28,146.0,-1.0
2007-03-07,145.0,-1.0
2007-03-14,142.0,-3.0
2007-03-21,143.0,1.0
2007-03-28,145.0,2.0
2007-04-04,149.0,4.0
2007-04-11,157.0,8.0
2007-04-18,158.0,1.0
2007-04-25,157.0,-1.0
2007-05-02,156.0,-1.0
2007-05-09,152.0,-4.0
2007-05-16,139.0,-13.0
2007-05-23,132.0,-7.0
2007-05-30,130.0,-2.0
2007-06-06,132.0,2.0
2007-06-13,137.0,5.0
2007-06-20,136.0,-1.0
2007-06-27,128.0,-8.0
2007-07-04,124.0,-4.0
2007-07-11,119.0,-5.0
2007-07-18,127.0,8.0
2007-07-25,138.0,11.0
2007-08-01,148.0,10.0
2007-08-08,142.0,-6.0
2007-08-15,139.0,-3.0
2007-08-22,134.0,-5.0
2007-08-29,134.0,0.0
2007-09-05,135.0,1.0
2007-09-12,138.0,3.0
2007-09-19,143.0,5.0
2007-09-26,149.0,6.0
2007-10-03,147.0,-2.0
2007-10-10,155.0,8.0
2007-10-17,163.0,8.0
2007-10-24,169.0,6.0
2007-10-31,179.0,10.0
2007-11-07,179.0,0.0
2007-11-14,173.0,-6.0
2007-11-21,165.0,-8.0
2007-11-28,162.0,-3.0
2007-12-05,162.0,0.0
2007-12-12,164.0,2.0
2007-12-19,166.0,2.0
2007-12-26,166.0,0.0
2008-01-02,163.0,-3.0
2008-01-09,166.0,3.0
2008-01-16,171.0,5.0
2008-01-23,179.0,8.0
2008-01-30,190.0,11.0
2008-02-06,194.0,4.0
2008-02-13,193.0,-1.0
2008-02-20,192.0,-1.0
2008-02-27,193.0,1.0
2008-03-05,194.0,1.0
2008-03-12,186.0,-8.0
2008-03-19,186.0,0.0
2008-03-26,187.0,1.0
2008-04-02,188.0,1.0
2008-04-09,189.0,1.0
2008-04-16,191.0,2.0
2008-04-23,205.0,14.0
2008-04-30,208.0,3.0
2008-05-07,203.0,-5.0
2008-05-14,193.0,-10.0
2008-05-21,189.0,-4.0
2008-05-28,189.0,0.0
2008-06-04,188.0,-1.0
2008-06-11,199.0,11.0
2008-06-18,197.0,-2.0
2008-06-25,193.0,-4.0
2008-07-02,188.0,-5.0
2008-07-09,187.0,-1.0
2008-07-16,187.0,0.0
2008-07-23,191.0,4.0
2008-07-30,196.0,5.0
2008-08-06,198.0,2.0
2008-08-13,197.0,-1.0
2008-08-20,202.0,5.0
2008-08-27,204.0,2.0
2008-09-03,201.0,-3.0
2008-09-10,203.0,2.0
2008-09-17,201.0,-2.0
2008-09-24,202.0,1.0
2008-10-01,204.0,2.0
2008-10-08,206.0,2.0
2008-10-15,212.0,6.0
2008-10-22,220.0,8.0
2008-10-29,232.0,12.0
2008-11-05,240.0,8.0
2008-11-12,238.0,-2.0
2008-11-19,236.0,-2.0
2008-11-26,236.0,0.0
2008-12-03,237.0,1.0
2008-12-10,241.0,4.0
2008-12-17,248.0,7.0
2008-12-24,249.0,1.0
2008-12-31,252.0,3.0
2009-01-07,254.0,2.0
2009-01-14,259.0,5.0
2009-01-21,266.0,7.0
2009-01-28,279.0,13.0
2009-02-04,284.0,5.0
2009-02-11,286.0,2.0
2009-02-18,283.0,-3.0
2009-02-25,281.0,-2.0
2009-03-04,282.0,1.0
2009-03-11,283.0,1.0
2009-03-18,283.0,0.0
2009-03-25,289.0,6.0
2009-04-01,290.0,1.0
2009-04-08,291.0,1.0
2009-04-15,291.0,0.0
2009-04-22,298.0,7.0
2009-04-29,297.0,-1.0
2009-05-06,302.0,5.0
2009-05-13,296.0,-6.0
2009-05-20,291.0,-5.0
2009-05-27,286.0,-5.0
2009-06-03,286.0,0.0
2009-06-10,287.0,1.0
2009-06-17,288.0,1.0
2009-06-24,286.0,-2.0
2009-07-01,287.0,1.0
2009-07-08,287.0,0.0
2009-07-15,289.0,2.0
2009-07-22,294.0,5.0
2009-07-29,305.0,11.0
2009-08-05,315.0,10.0
2009-08-12,310.0,-5.0
2009-08-19,309.0,-1.0
2009-08-26,310.0,1.0
2009-09-02,311.0,1.0
2009-09-09,312.0,1.0
2009-09-16,314.0,2.0
2009-09-23,319.0,5.0
2009-09-30,321.0,2.0
2009-10-07,323.0,2.0
2009-10-14,321.0,-2.0
2009-10-21,324.0,3.0
2009-10-28,329.0,5.0
2009-11-04,336.0,7.0
2009-11-11,331.0,-5.0
2009-11-18,327.0,-4.0
2009-11-25,325.0,-2.0
2009-12-02,322.0,-3.0
2009-12-09,322.0,0.0
2009-12-16,324.0,2.0
2009-12-23,325.0,1.0
2009-12-30,326.0,1.0
2010-01-06,329.0,3.0
2010-01-13,336.0,7.0
2010-01-20,345.0,9.0
2010-01-27,364.0,19.0
2010-02-03,363.0,-1.0
2010-02-10,361.0,-2.0
2010-02-17,353.0,-8.0
2010-02-24,350.0,-3.0
2010-03-03,349.0,-1.0
2010-03-10,351.0,2.0
2010-03-17,348.0,-3.0
2010-03-24,345.0,-3.0
2010-03-31,342.0,-3.0
2010-04-07,339.0,-3.0
2010-04-14,342.0,3.0
2010-04-21,346.0,4.0
2010-04-28,351.0,5.0
2010-05-05,345.0,-6.0
2010-05-12,342.0,-3.0
2010-05-19,337.0,-5.0
2010-05-26,334.0,-3.0
2010-06-02,332.0,-2.0
2010-06-09,366.0,34.0
2010-06-16,368.0,2.0
2010-06-23,337.0,-31.0
2010-06-30,336.0,-1.0
2010-07-07,333.0,-3.0
2010-07-14,338.0,5.0
2010-07-21,343.0,5.0
2010-07-28,349.0,6.0
2010-08-04,345.0,-4.0
2010-08-11,347.0,2.0
2010-08-18,346.0,-1.0
2010-08-25,346.0,0.0
2010-09-01,347.0,1.0
2010-09-08,347.0,0.0
2010-09-15,348.0,1.0
2010-09-22,352.0,4.0
2010-09-29,354.0,2.0
2010-10-06,353.0,-1.0
2010-10-13,351.0,-2.0
2010-10-20,355.0,4.0
2010-10-27,365.0,10.0
2010-11-03,357.0,-8.0
2010-11-10,353.0,-4.0
2010-11-17,349.0,-4.0
2010-11-24,344.0,-5.0
2010-12-01,347.0,3.0
2010-12-08,346.0,-1.0
2010-12-15,351.0,5.0
2010-12-22,350.0,-1.0
2010-12-29,353.0,3.0
2011-01-05,356.0,3.0
2011-01-12,362.0,6.0
2011-01-19,365.0,3.0
2011-01-26,382.0,17.0
2011-02-02,386.0,4.0
2011-02-09,387.0,1.0
2011-02-16,384.0,-3.0
2011-02-23,381.0,-3.0
2011-03-02,381.0,0.0
2011-03-09,376.0,-5.0
2011-03-16,371.0,-5.0
2011-03-23,368.0,-3.0
2011-03-30,365.0,-3.0
2011-04-06,363.0,-2.0
2011-04-13,364.0,1.0
2011-04-20,366.0,2.0
2011-04-27,372.0,6.0
2011-05-04,365.0,-7.0
2011-05-11,363.0,-2.0
2011-05-18,356.0,-7.0
2011-05-25,354.0,-2.0
2011-06-01,351.0,-3.0
2011-06-08,353.0,2.0
2011-06-15,354.0,1.0
2011-06-22,359.0,5.0
2011-06-29,357.0,-2.0
2011-07-06,353.0,-4.0
2011-07-13,354.0,1.0
2011-07-20,360.0,6.0
2011-07-27,369.0,9.0
2011-08-03,363.0,-6.0
2011-08-10,361.0,-2.0
2011-08-17,364.0,3.0
2011-08-24,365.0,1.0
2011-08-31,365.0,0.0
2011-09-07,362.0,-3.0
2011-09-14,365.0,3.0
2011-09-21,365.0,0.0
2011-09-28,367.0,2.0
2011-10-05,370.0,3.0
2011-10-12,371.0,1.0
2011-10-19,375.0,4.0
2011-10-26,410.0,35.0
2011-11-02,379.0,-31.0
2011-11-09,380.0,1.0
2011-11-16,379.0,-1.0
2011-11-23,375.0,-4.0
2011-11-30,375.0,0.0
2011-12-07,377.0,2.0
2011-12-14,379.0,2.0
2011-12-21,381.0,2.0
2011-12-28,382.0,1.0
2012-01-04,380.0,-2.0
2012-01-11,386.0,6.0
2012-01-18,389.0,3.0
2012-01-25,395.0,6.0
2012-02-01,397.0,2.0
2012-02-08,400.0,3.0
2012-02-15,400.0,0.0
2012-02-22,398.0,-2.0
2012-02-29,397.0,-1.0
2012-03-07,394.0,-3.0
2012-03-14,391.0,-3.0
2012-03-21,387.0,-4.0
2012-03-28,385.0,-2.0
2012-04-04,381.0,-4.0
2012-04-11,375.0,-6.0
2012-04-18,370.0,-5.0
2012-04-25,368.0,-2.0
2012-05-02,369.0,1.0
2012-05-09,366.0,-3.0
2012-05-16,364.0,-2.0
2012-05-23,360.0,-4.0
2012-05-30,355.0,-5.0
2012-06-06,355.0,0.0
2012-06-13,353.0,-2.0
2012-06-20,358.0,5.0
2012-06-27,356.0,-2.0
2012-07-04,352.0,-4.0
2012-07-11,351.0,-1.0
2012-07-18,350.0,-1.0
2012-07-25,351.0,1.0
2012-08-01,353.0,2.0
2012-08-08,354.0,1.0
2012-08-15,354.0,0.0
2012-08-22,354.0,0.0
2012-08-29,354.0,0.0
2012-09-05,351.0,-3.0
2012-09-12,357.0,6.0
2012-09-19,359.0,2.0
2012-09-26,360.0,1.0
2012-10-03,358.0,-2.0
2012-10-10,356.0,-2.0
2012-10-17,357.0,1.0
2012-10-24,357.0,0.0
2012-10-31,355.0,-2.0
2012-11-07,358.0,3.0
2012-11-14,356.0,-2.0
2012-11-21,352.0,-4.0
2012-11-28,350.0,-2.0
2012-12-05,354.0,4.0
2012-12-12,355.0,1.0
2012-12-19,356.0,1.0
2012-12-26,356.0,0.0
2013-01-02,353.0,-3.0
2013-01-09,351.0,-2.0
2013-01-16,355.0,4.0
2013-01-23,356.0,1.0
2013-01-30,360.0,4.0
2013-02-06,363.0,3.0
2013-02-13,368.0,5.0
2013-02-20,365.0,-3.0
2013-02-27,366.0,1.0
2013-03-06,367.0,1.0
2013-03-13,365.0,-2.0
2013-03-20,360.0,-5.0
2013-03-27,355.0,-5.0
2013-04-03,352.0,-3.0
2013-04-10,348.0,-4.0
2013-04-17,345.0,-3.0
2013-04-24,345.0,0.0
2013-05-01,344.0,-1.0
2013-05-08,341.0,-3.0
2013-05-15,341.0,0.0
2013-05-22,342.0,1.0
2013-05-29,339.0,-3.0
2013-06-05,339.0,0.0
2013-06-12,340.0,1.0
2013-06-19,346.0,6.0
2013-06-26,344.0,-2.0
2013-07-03,344.0,0.0
2013-07-10,344.0,0.0
2013-07-17,344.0,0.0
2013-07-24,345.0,1.0
2013-07-31,345.0,0.0
2013-08-07,348.0,3.0
2013-08-14,347.0,-1.0
2013-08-21,345.0,-2.0
2013-08-28,347.0,2.0
2013-09-04,346.0,-1.0
2013-09-11,345.0,-1.0
2013-09-18,349.0,4.0
2013-09-25,349.0,0.0
2013-10-02,351.0,2.0
2013-10-09,352.0,1.0
2013-10-16,351.0,-1.0
2013-10-23,351.0,0.0
2013-10-30,353.0,2.0
2013-11-06,350.0,-3.0
2013-11-13,347.0,-3.0
2013-11-20,345.0,-2.0
2013-11-27,339.0,-6.0
2013-12-04,333.0,-6.0
2013-12-11,333.0,0.0
2013-12-18,333.0,0.0
2013-12-25,333.0,0.0
2014-01-01,332.0,-1.0
2014-01-08,336.0,4.0
2014-01-15,338.0,2.0
2014-01-22,340.0,2.0
2014-01-29,340.0,0.0
2014-02-05,344.0,4.0
2014-02-12,346.0,2.0
2014-02-19,346.0,0.0
2014-02-26,344.0,-2.0
2014-03-05,342.0,-2.0
2014-03-12,342.0,0.0
2014-03-19,336.0,-6.0
2014-03-26,332.0,-4.0
2014-04-02,327.0,-5.0
2014-04-09,324.0,-3.0
2014-04-16,323.0,-1.0
2014-04-23,317.0,-6.0
2014-04-30,319.0,2.0
2014-05-07,325.0,6.0
2014-05-14,328.0,3.0
2014-05-21,325.0,-3.0
2014-05-28,322.0,-3.0
2014-06-04,316.0,-6.0
2014-06-11,320.0,4.0
2014-06-18,322.0,2.0
2014-06-25,325.0,3.0
2014-07-02,321.0,-4.0
2014-07-09,320.0,-1.0
2014-07-16,325.0,5.0
2014-07-23,325.0,0.0
2014-07-30,327.0,2.0
2014-08-06,326.0,-1.0
2014-08-13,331.0,5.0
2014-08-20,332.0,1.0
2014-08-27,333.0,1.0
2014-09-03,331.0,-2.0
2014-09-10,332.0,1.0
2014-09-17,333.0,1.0
2014-09-24,336.0,3.0
2014-10-01,335.0,-1.0
2014-10-08,334.0,-1.0
2014-10-15,331.0,-3.0
2014-10-22,331.0,0.0
2014-10-29,360.0,29.0
2014-11-05,332.0,-28.0
2014-11-12,330.0,-2.0
2014-11-19,327.0,-3.0
2014-11-26,325.0,-2.0
2014-12-03,327.0,2.0
2014-12-10,327.0,0.0
2014-12-17,322.0,-5.0
2014-12-24,323.0,1.0
2014-12-31,320.0,-3.0
2015-01-07,322.0,2.0
2015-01-14,330.0,8.0
2015-01-21,337.0,7.0
2015-01-28,349.0,12.0
2015-02-04,351.0,2.0
2015-02-11,347.0,-4.0
2015-02-18,341.0,-6.0
2015-02-25,336.0,-5.0
2015-03-04,330.0,-6.0
2015-03-11,326.0,-4.0
2015-03-18,323.0,-3.0
2015-03-25,318.0,-5.0
2015-04-01,319.0,1.0
2015-04-08,317.0,-2.0
2015-04-15,315.0,-2.0
2015-04-22,316.0,1.0
2015-04-29,310.0,-6.0
2015-05-06,313.0,3.0
2015-05-13,315.0,2.0
2015-05-20,314.0,-1.0
2015-05-27,311.0,-3.0
2015-06-03,313.0,2.0
2015-06-10,315.0,2.0
2015-06-17,313.0,-2.0
2015-06-24,312.0,-1.0
2015-07-01,316.0,4.0
2015-07-08,321.0,5.0
2015-07-15,323.0,2.0
2015-07-22,326.0,3.0
2015-07-29,327.0,1.0
