Date,Values,Delta Calculations
2002-12-18,126.0, 
2002-12-25,172.0,46.0
2003-01-01,0.0,-172.0
2003-01-08,38.0,38.0
2003-01-15,56.0,18.0
2003-01-22,51.0,-5.0
2003-01-29,50.0,-1.0
2003-02-05,5.0,-45.0
2003-02-12,7.0,2.0
2003-02-19,53.0,46.0
2003-02-26,48.0,-5.0
2003-03-05,44.0,-4.0
2003-03-12,46.0,2.0
2003-03-19,0.0,-46.0
2003-03-26,24.0,24.0
2003-04-02,48.0,24.0
2003-04-09,40.0,-8.0
2003-04-16,67.0,27.0
2003-04-23,57.0,-10.0
2003-04-30,80.0,23.0
2003-05-07,85.0,5.0
2003-05-14,77.0,-8.0
2003-05-21,73.0,-4.0
2003-05-28,55.0,-18.0
2003-06-04,51.0,-4.0
2003-06-11,69.0,18.0
2003-06-18,88.0,19.0
2003-06-25,111.0,23.0
2003-07-02,91.0,-20.0
2003-07-09,77.0,-14.0
2003-07-16,75.0,-2.0
2003-07-23,116.0,41.0
2003-07-30,68.0,-48.0
2003-08-06,82.0,14.0
2003-08-13,97.0,15.0
2003-08-20,77.0,-20.0
2003-08-27,74.0,-3.0
2003-09-03,91.0,17.0
2003-09-10,118.0,27.0
2003-09-17,103.0,-15.0
2003-09-24,145.0,42.0
2003-10-01,118.0,-27.0
2003-10-08,95.0,-23.0
2003-10-15,64.0,-31.0
2003-10-22,97.0,33.0
2003-10-29,70.0,-27.0
2003-11-05,43.0,-27.0
2003-11-12,97.0,54.0
2003-11-19,101.0,4.0
2003-11-26,83.0,-18.0
2003-12-03,124.0,41.0
2003-12-10,161.0,37.0
2003-12-17,211.0,50.0
2003-12-24,218.0,7.0
2003-12-31,0.0,-218.0
2004-01-07,47.0,47.0
2004-01-14,29.0,-18.0
2004-01-21,25.0,-4.0
2004-01-28,58.0,33.0
2004-02-04,9.0,-49.0
2004-02-11,61.0,52.0
2004-02-18,26.0,-35.0
2004-02-25,0.0,-26.0
2004-03-03,0.0,0.0
2004-03-10,0.0,0.0
2004-03-17,34.0,34.0
2004-03-24,84.0,50.0
2004-03-31,143.0,59.0
2004-04-07,134.0,-9.0
2004-04-14,110.0,-24.0
2004-04-21,123.0,13.0
2004-04-28,151.0,28.0
2004-05-05,210.0,59.0
2004-05-12,104.0,-106.0
2004-05-19,152.0,48.0
2004-05-26,196.0,44.0
2004-06-02,205.0,9.0
2004-06-09,175.0,-30.0
2004-06-16,171.0,-4.0
2004-06-23,208.0,37.0
2004-06-30,188.0,-20.0
2004-07-07,210.0,22.0
2004-07-14,183.0,-27.0
2004-07-21,162.0,-21.0
2004-07-28,154.0,-8.0
2004-08-04,186.0,32.0
2004-08-11,212.0,26.0
2004-08-18,207.0,-5.0
2004-08-25,160.0,-47.0
2004-09-01,202.0,42.0
2004-09-08,227.0,25.0
2004-09-15,213.0,-14.0
2004-09-22,243.0,30.0
2004-09-29,232.0,-11.0
2004-10-06,227.0,-5.0
2004-10-13,246.0,19.0
2004-10-20,287.0,41.0
2004-10-27,258.0,-29.0
2004-11-03,237.0,-21.0
2004-11-10,261.0,24.0
2004-11-17,275.0,14.0
2004-11-24,273.0,-2.0
2004-12-01,249.0,-24.0
2004-12-08,219.0,-30.0
2004-12-15,282.0,63.0
2004-12-22,268.0,-14.0
2004-12-29,288.0,20.0
2005-01-05,8.0,-280.0
2005-01-12,43.0,35.0
2005-01-19,4.0,-39.0
2005-01-26,42.0,38.0
2005-02-02,4.0,-38.0
2005-02-09,0.0,-4.0
2005-02-16,52.0,52.0
2005-02-23,65.0,13.0
2005-03-02,26.0,-39.0
2005-03-09,98.0,72.0
2005-03-16,129.0,31.0
2005-03-23,71.0,-58.0
2005-03-30,89.0,18.0
2005-04-06,100.0,11.0
2005-04-13,161.0,61.0
2005-04-20,167.0,6.0
2005-04-27,141.0,-26.0
2005-05-04,152.0,11.0
2005-05-11,131.0,-21.0
2005-05-18,125.0,-6.0
2005-05-25,147.0,22.0
2005-06-01,56.0,-91.0
2005-06-08,126.0,70.0
2005-06-15,63.0,-63.0
2005-06-22,113.0,50.0
2005-06-29,91.0,-22.0
2005-07-06,62.0,-29.0
2005-07-13,121.0,59.0
2005-07-20,88.0,-33.0
2005-07-27,126.0,38.0
2005-08-03,151.0,25.0
2005-08-10,122.0,-29.0
2005-08-17,118.0,-4.0
2005-08-24,103.0,-15.0
2005-08-31,118.0,15.0
2005-09-07,129.0,11.0
2005-09-14,101.0,-28.0
2005-09-21,101.0,0.0
2005-09-28,83.0,-18.0
2005-10-05,106.0,23.0
2005-10-12,90.0,-16.0
2005-10-19,76.0,-14.0
2005-10-26,100.0,24.0
2005-11-02,82.0,-18.0
2005-11-09,62.0,-20.0
2005-11-16,80.0,18.0
2005-11-23,134.0,54.0
2005-11-30,80.0,-54.0
2005-12-07,78.0,-2.0
2005-12-14,179.0,101.0
2005-12-21,90.0,-89.0
2005-12-28,120.0,30.0
2006-01-04,68.0,-52.0
2006-01-11,77.0,9.0
2006-01-18,32.0,-45.0
2006-01-25,66.0,34.0
2006-02-01,5.0,-61.0
2006-02-08,32.0,27.0
2006-02-15,56.0,24.0
2006-02-22,52.0,-4.0
2006-03-01,67.0,15.0
2006-03-08,53.0,-14.0
2006-03-15,82.0,29.0
2006-03-22,73.0,-9.0
2006-03-29,52.0,-21.0
2006-04-05,81.0,29.0
2006-04-12,42.0,-39.0
2006-04-19,95.0,53.0
2006-04-26,107.0,12.0
2006-05-03,95.0,-12.0
2006-05-10,116.0,21.0
2006-05-17,83.0,-33.0
2006-05-24,79.0,-4.0
2006-05-31,110.0,31.0
2006-06-07,85.0,-25.0
2006-06-14,74.0,-11.0
2006-06-21,105.0,31.0
2006-06-28,76.0,-29.0
2006-07-05,118.0,42.0
2006-07-12,99.0,-19.0
2006-07-19,73.0,-26.0
2006-07-26,112.0,39.0
2006-08-02,127.0,15.0
2006-08-09,103.0,-24.0
2006-08-16,92.0,-11.0
2006-08-23,96.0,4.0
2006-08-30,107.0,11.0
2006-09-06,99.0,-8.0
2006-09-13,97.0,-2.0
2006-09-20,110.0,13.0
2006-09-27,94.0,-16.0
2006-10-04,92.0,-2.0
2006-10-11,47.0,-45.0
2006-10-18,69.0,22.0
2006-10-25,95.0,26.0
2006-11-01,93.0,-2.0
2006-11-08,60.0,-33.0
2006-11-15,65.0,5.0
2006-11-22,97.0,32.0
2006-11-29,101.0,4.0
2006-12-06,105.0,4.0
2006-12-13,62.0,-43.0
2006-12-20,78.0,16.0
2006-12-27,80.0,2.0
2007-01-03,27.0,-53.0
2007-01-10,55.0,28.0
2007-01-17,75.0,20.0
2007-01-24,76.0,1.0
2007-01-31,77.0,1.0
2007-02-07,97.0,20.0
2007-02-14,111.0,14.0
2007-02-21,94.0,-17.0
2007-02-28,117.0,23.0
2007-03-07,94.0,-23.0
2007-03-14,104.0,10.0
2007-03-21,94.0,-10.0
2007-03-28,107.0,13.0
2007-04-04,82.0,-25.0
2007-04-11,106.0,24.0
2007-04-18,122.0,16.0
2007-04-25,112.0,-10.0
2007-05-02,89.0,-23.0
2007-05-09,110.0,21.0
2007-05-16,106.0,-4.0
2007-05-23,127.0,21.0
2007-05-30,130.0,3.0
2007-06-06,134.0,4.0
2007-06-13,111.0,-23.0
2007-06-20,139.0,28.0
2007-06-27,138.0,-1.0
2007-07-04,229.0,91.0
2007-07-11,129.0,-100.0
2007-07-18,136.0,7.0
2007-07-25,130.0,-6.0
2007-08-01,127.0,-3.0
2007-08-08,129.0,2.0
2007-08-15,117.0,-12.0
2007-08-22,156.0,39.0
2007-08-29,145.0,-11.0
2007-09-05,126.0,-19.0
2007-09-12,159.0,33.0
2007-09-19,125.0,-34.0
2007-09-26,153.0,28.0
2007-10-03,122.0,-31.0
2007-10-10,136.0,14.0
2007-10-17,143.0,7.0
2007-10-24,154.0,11.0
2007-10-31,150.0,-4.0
2007-11-07,154.0,4.0
2007-11-14,156.0,2.0
2007-11-21,188.0,32.0
2007-11-28,115.0,-73.0
2007-12-05,132.0,17.0
2007-12-12,143.0,11.0
2007-12-19,146.0,3.0
2007-12-26,173.0,27.0
2008-01-02,47.0,-126.0
2008-01-09,76.0,29.0
2008-01-16,93.0,17.0
2008-01-23,85.0,-8.0
2008-01-30,88.0,3.0
2008-02-06,55.0,-33.0
2008-02-13,53.0,-2.0
2008-02-20,75.0,22.0
2008-02-27,111.0,36.0
2008-03-05,120.0,9.0
2008-03-12,130.0,10.0
2008-03-19,158.0,28.0
2008-03-26,223.0,65.0
2008-04-02,122.0,-101.0
2008-04-09,177.0,55.0
2008-04-16,105.0,-72.0
2008-04-23,110.0,5.0
2008-04-30,102.0,-8.0
2008-05-07,171.0,69.0
2008-05-14,171.0,0.0
2008-05-21,179.0,8.0
2008-05-28,144.0,-35.0
2008-06-04,105.0,-39.0
2008-06-11,108.0,3.0
2008-06-18,99.0,-9.0
2008-06-25,116.0,17.0
2008-07-02,142.0,26.0
2008-07-09,99.0,-43.0
2008-07-16,139.0,40.0
2008-07-23,86.0,-53.0
2008-07-30,102.0,16.0
2008-08-06,90.0,-12.0
2008-08-13,79.0,-11.0
2008-08-20,91.0,12.0
2008-08-27,126.0,35.0
2008-09-03,112.0,-14.0
2008-09-10,89.0,-23.0
2008-09-17,159.0,70.0
2008-09-24,158.0,-1.0
2008-10-01,80.0,-78.0
2008-10-08,141.0,61.0
2008-10-15,119.0,-22.0
2008-10-22,98.0,-21.0
2008-10-29,141.0,43.0
2008-11-05,123.0,-18.0
2008-11-12,126.0,3.0
2008-11-19,115.0,-11.0
2008-11-26,163.0,48.0
2008-12-03,121.0,-42.0
2008-12-10,179.0,58.0
2008-12-17,284.0,105.0
2008-12-24,101.0,-183.0
2008-12-31,0.0,-101.0
2009-01-07,34.0,34.0
2009-01-14,7.0,-27.0
2009-01-21,16.0,9.0
2009-01-28,31.0,15.0
2009-02-04,0.0,-31.0
2009-02-11,19.0,19.0
2009-02-18,11.0,-8.0
2009-02-25,33.0,22.0
2009-03-04,55.0,22.0
2009-03-11,127.0,72.0
2009-03-18,187.0,60.0
2009-03-25,194.0,7.0
2009-04-01,127.0,-67.0
2009-04-08,159.0,32.0
2009-04-15,150.0,-9.0
2009-04-22,181.0,31.0
2009-04-29,215.0,34.0
2009-05-06,165.0,-50.0
2009-05-13,298.0,133.0
2009-05-20,164.0,-134.0
2009-05-27,231.0,67.0
2009-06-03,234.0,3.0
2009-06-10,215.0,-19.0
2009-06-17,289.0,74.0
2009-06-24,261.0,-28.0
2009-07-01,223.0,-38.0
2009-07-08,254.0,31.0
2009-07-15,212.0,-42.0
2009-07-22,271.0,59.0
2009-07-29,235.0,-36.0
2009-08-05,293.0,58.0
2009-08-12,259.0,-34.0
2009-08-19,319.0,60.0
2009-08-26,290.0,-29.0
2009-09-02,356.0,66.0
2009-09-09,370.0,14.0
2009-09-16,390.0,20.0
2009-09-23,359.0,-31.0
2009-09-30,371.0,12.0
2009-10-07,361.0,-10.0
2009-10-14,456.0,95.0
2009-10-21,361.0,-95.0
2009-10-28,363.0,2.0
2009-11-04,357.0,-6.0
2009-11-11,519.0,162.0
2009-11-18,346.0,-173.0
2009-11-25,409.0,63.0
2009-12-02,338.0,-71.0
2009-12-09,357.0,19.0
2009-12-16,380.0,23.0
2009-12-23,381.0,1.0
2009-12-30,363.0,-18.0
2010-01-06,150.0,-213.0
2010-01-13,162.0,12.0
2010-01-20,136.0,-26.0
2010-01-27,158.0,22.0
2010-02-03,119.0,-39.0
2010-02-10,156.0,37.0
2010-02-17,177.0,21.0
2010-02-24,175.0,-2.0
2010-03-03,216.0,41.0
2010-03-10,157.0,-59.0
2010-03-17,342.0,185.0
2010-03-24,371.0,29.0
2010-03-31,511.0,140.0
2010-04-07,663.0,152.0
2010-04-14,858.0,195.0
2010-04-21,983.0,125.0
2010-04-28,1099.0,116.0
2010-05-05,1225.0,126.0
2010-05-12,1381.0,156.0
2010-05-19,1540.0,159.0
2010-05-26,1679.0,139.0
2010-06-02,1788.0,109.0
2010-06-09,1944.0,156.0
2010-06-16,2132.0,188.0
2010-06-23,2299.0,167.0
2010-06-30,2268.0,-31.0
2010-07-07,2449.0,181.0
2010-07-14,2606.0,157.0
2010-07-21,2617.0,11.0
2010-07-28,2592.0,-25.0
2010-08-04,2606.0,14.0
2010-08-11,2590.0,-16.0
2010-08-18,2591.0,1.0
2010-08-25,2565.0,-26.0
2010-09-01,2584.0,19.0
2010-09-08,2523.0,-61.0
2010-09-15,2515.0,-8.0
2010-09-22,2560.0,45.0
2010-09-29,2527.0,-33.0
2010-10-06,2544.0,17.0
2010-10-13,2542.0,-2.0
2010-10-20,2513.0,-29.0
2010-10-27,2492.0,-21.0
2010-11-03,2518.0,26.0
2010-11-10,2527.0,9.0
2010-11-17,2471.0,-56.0
2010-11-24,2549.0,78.0
2010-12-01,2457.0,-92.0
2010-12-08,2551.0,94.0
2010-12-15,2522.0,-29.0
2010-12-22,2529.0,7.0
2010-12-29,2529.0,0.0
2011-01-05,0.0,-2529.0
2011-01-12,0.0,0.0
2011-01-19,0.0,0.0
2011-01-26,0.0,0.0
2011-02-02,0.0,0.0
2011-02-09,0.0,0.0
2011-02-16,0.0,0.0
2011-02-23,0.0,0.0
2011-03-02,0.0,0.0
2011-03-09,0.0,0.0
2011-03-16,0.0,0.0
2011-03-23,0.0,0.0
2011-03-30,0.0,0.0
2011-04-06,0.0,0.0
2011-04-13,0.0,0.0
2011-04-20,0.0,0.0
2011-04-27,0.0,0.0
2011-05-04,0.0,0.0
2011-05-11,0.0,0.0
2011-05-18,0.0,0.0
2011-05-25,0.0,0.0
2011-06-01,0.0,0.0
2011-06-08,0.0,0.0
2011-06-15,0.0,0.0
2011-06-22,0.0,0.0
2011-06-29,0.0,0.0
2011-07-06,0.0,0.0
2011-07-13,0.0,0.0
2011-07-20,0.0,0.0
2011-07-27,0.0,0.0
2011-08-03,0.0,0.0
2011-08-10,0.0,0.0
2011-08-17,0.0,0.0
2011-08-24,0.0,0.0
2011-08-31,0.0,0.0
2011-09-07,0.0,0.0
2011-09-14,0.0,0.0
2011-09-21,0.0,0.0
2011-09-28,0.0,0.0
2011-10-05,0.0,0.0
2011-10-12,0.0,0.0
2011-10-19,0.0,0.0
2011-10-26,0.0,0.0
2011-11-02,0.0,0.0
2011-11-09,0.0,0.0
2011-11-16,0.0,0.0
2011-11-23,0.0,0.0
2011-11-30,0.0,0.0
2011-12-07,0.0,0.0
2011-12-14,0.0,0.0
2011-12-21,0.0,0.0
2011-12-28,0.0,0.0
2012-01-04,0.0,0.0
2012-01-11,0.0,0.0
2012-01-18,0.0,0.0
2012-01-25,0.0,0.0
2012-02-01,0.0,0.0
2012-02-08,0.0,0.0
2012-02-15,0.0,0.0
2012-02-22,0.0,0.0
2012-02-29,0.0,0.0
2012-03-07,0.0,0.0
2012-03-14,0.0,0.0
2012-03-21,0.0,0.0
2012-03-28,0.0,0.0
2012-04-04,0.0,0.0
2012-04-11,0.0,0.0
2012-04-18,0.0,0.0
2012-04-25,0.0,0.0
2012-05-02,0.0,0.0
2012-05-09,0.0,0.0
2012-05-16,0.0,0.0
2012-05-23,0.0,0.0
2012-05-30,0.0,0.0
2012-06-06,0.0,0.0
2012-06-13,0.0,0.0
2012-06-20,0.0,0.0
2012-06-27,0.0,0.0
2012-07-04,0.0,0.0
2012-07-11,0.0,0.0
2012-07-18,0.0,0.0
2012-07-25,0.0,0.0
2012-08-01,0.0,0.0
2012-08-08,0.0,0.0
2012-08-15,0.0,0.0
2012-08-22,0.0,0.0
2012-08-29,0.0,0.0
2012-09-05,0.0,0.0
2012-09-12,0.0,0.0
2012-09-19,0.0,0.0
2012-09-26,0.0,0.0
2012-10-03,0.0,0.0
2012-10-10,0.0,0.0
2012-10-17,0.0,0.0
2012-10-24,0.0,0.0
2012-10-31,0.0,0.0
2012-11-07,0.0,0.0
2012-11-14,0.0,0.0
2012-11-21,0.0,0.0
2012-11-28,0.0,0.0
2012-12-05,0.0,0.0
2012-12-12,0.0,0.0
2012-12-19,0.0,0.0
2012-12-26,0.0,0.0
2013-01-02,0.0,0.0
2013-01-09,0.0,0.0
2013-01-16,0.0,0.0
2013-01-23,0.0,0.0
2013-01-30,0.0,0.0
2013-02-06,0.0,0.0
2013-02-13,0.0,0.0
2013-02-20,0.0,0.0
2013-02-27,0.0,0.0
2013-03-06,0.0,0.0
2013-03-13,0.0,0.0
2013-03-20,0.0,0.0
2013-03-27,0.0,0.0
2013-04-03,0.0,0.0
2013-04-10,0.0,0.0
2013-04-17,0.0,0.0
2013-04-24,0.0,0.0
2013-05-01,0.0,0.0
2013-05-08,0.0,0.0
2013-05-15,0.0,0.0
2013-05-22,0.0,0.0
2013-05-29,0.0,0.0
2013-06-05,0.0,0.0
2013-06-12,0.0,0.0
2013-06-19,0.0,0.0
2013-06-26,0.0,0.0
2013-07-03,0.0,0.0
2013-07-10,0.0,0.0
2013-07-17,0.0,0.0
2013-07-24,0.0,0.0
2013-07-31,0.0,0.0
2013-08-07,0.0,0.0
2013-08-14,0.0,0.0
2013-08-21,0.0,0.0
2013-08-28,0.0,0.0
2013-09-04,0.0,0.0
2013-09-11,0.0,0.0
2013-09-18,0.0,0.0
2013-09-25,0.0,0.0
2013-10-02,0.0,0.0
2013-10-09,0.0,0.0
2013-10-16,0.0,0.0
2013-10-23,0.0,0.0
2013-10-30,0.0,0.0
2013-11-06,0.0,0.0
2013-11-13,0.0,0.0
2013-11-20,0.0,0.0
2013-11-27,0.0,0.0
2013-12-04,0.0,0.0
2013-12-11,0.0,0.0
2013-12-18,0.0,0.0
2013-12-25,0.0,0.0
2014-01-01,0.0,0.0
2014-01-08,0.0,0.0
2014-01-15,0.0,0.0
2014-01-22,0.0,0.0
2014-01-29,0.0,0.0
2014-02-05,0.0,0.0
2014-02-12,0.0,0.0
2014-02-19,0.0,0.0
2014-02-26,0.0,0.0
2014-03-05,0.0,0.0
2014-03-12,0.0,0.0
2014-03-19,0.0,0.0
2014-03-26,0.0,0.0
2014-04-02,0.0,0.0
2014-04-09,0.0,0.0
2014-04-16,0.0,0.0
2014-04-23,0.0,0.0
2014-04-30,0.0,0.0
2014-05-07,0.0,0.0
2014-05-14,0.0,0.0
2014-05-21,0.0,0.0
2014-05-28,0.0,0.0
2014-06-04,0.0,0.0
2014-06-11,0.0,0.0
2014-06-18,0.0,0.0
2014-06-25,0.0,0.0
2014-07-02,0.0,0.0
2014-07-09,0.0,0.0
2014-07-16,0.0,0.0
2014-07-23,0.0,0.0
2014-07-30,0.0,0.0
2014-08-06,0.0,0.0
2014-08-13,0.0,0.0
2014-08-20,0.0,0.0
2014-08-27,0.0,0.0
2014-09-03,0.0,0.0
2014-09-10,0.0,0.0
2014-09-17,0.0,0.0
2014-09-24,0.0,0.0
2014-10-01,0.0,0.0
2014-10-08,0.0,0.0
2014-10-15,0.0,0.0
2014-10-22,0.0,0.0
2014-10-29,0.0,0.0
2014-11-05,0.0,0.0
2014-11-12,0.0,0.0
2014-11-19,0.0,0.0
2014-11-26,0.0,0.0
2014-12-03,0.0,0.0
2014-12-10,0.0,0.0
2014-12-17,0.0,0.0
2014-12-24,0.0,0.0
2014-12-31,0.0,0.0
2015-01-07,0.0,0.0
2015-01-14,0.0,0.0
2015-01-21,0.0,0.0
2015-01-28,0.0,0.0
2015-02-04,0.0,0.0
2015-02-11,0.0,0.0
2015-02-18,0.0,0.0
2015-02-25,0.0,0.0
2015-03-04,0.0,0.0
2015-03-11,0.0,0.0
2015-03-18,0.0,0.0
2015-03-25,0.0,0.0
2015-04-01,0.0,0.0
2015-04-08,0.0,0.0
2015-04-15,0.0,0.0
2015-04-22,0.0,0.0
2015-04-29,0.0,0.0
2015-05-06,0.0,0.0
2015-05-13,0.0,0.0
2015-05-20,0.0,0.0
2015-05-27,0.0,0.0
2015-06-03,0.0,0.0
2015-06-10,0.0,0.0
2015-06-17,0.0,0.0
2015-06-24,0.0,0.0
2015-07-01,0.0,0.0
2015-07-08,0.0,0.0
2015-07-15,0.0,0.0
2015-07-22,0.0,0.0
2015-07-29,0.0,0.0
