Date,Values,Delta Calculations
2002-12-18,-91.0, 
2002-12-25,-90.0,1.0
2003-01-01,-90.0,0.0
2003-01-08,-89.0,1.0
2003-01-15,-88.0,1.0
2003-01-22,-87.0,1.0
2003-01-29,-87.0,0.0
2003-02-05,-87.0,0.0
2003-02-12,-87.0,0.0
2003-02-19,-88.0,-1.0
2003-02-26,-86.0,2.0
2003-03-05,-86.0,0.0
2003-03-12,-85.0,1.0
2003-03-19,-83.0,2.0
2003-03-26,-82.0,1.0
2003-04-02,-82.0,0.0
2003-04-09,-77.0,5.0
2003-04-16,-76.0,1.0
2003-04-23,-75.0,1.0
2003-04-30,-76.0,-1.0
2003-05-07,-76.0,0.0
2003-05-14,-75.0,1.0
2003-05-21,-75.0,0.0
2003-05-28,-74.0,1.0
2003-06-04,-74.0,0.0
2003-06-11,-75.0,-1.0
2003-06-18,-74.0,1.0
2003-06-25,-73.0,1.0
2003-07-02,-73.0,0.0
2003-07-09,-72.0,1.0
2003-07-16,-72.0,0.0
2003-07-23,-71.0,1.0
2003-07-30,-70.0,1.0
2003-08-06,-70.0,0.0
2003-08-13,-70.0,0.0
2003-08-20,-72.0,-2.0
2003-08-27,-72.0,0.0
2003-09-03,-72.0,0.0
2003-09-10,-72.0,0.0
2003-09-17,-72.0,0.0
2003-09-24,-72.0,0.0
2003-10-01,-72.0,0.0
2003-10-08,-71.0,1.0
2003-10-15,-71.0,0.0
2003-10-22,-71.0,0.0
2003-10-29,-71.0,0.0
2003-11-05,-72.0,-1.0
2003-11-12,-72.0,0.0
2003-11-19,-73.0,-1.0
2003-11-26,-72.0,1.0
2003-12-03,-72.0,0.0
2003-12-10,-72.0,0.0
2003-12-17,-72.0,0.0
2003-12-24,-71.0,1.0
2003-12-31,-72.0,-1.0
2004-01-07,-71.0,1.0
2004-01-14,-71.0,0.0
2004-01-21,-71.0,0.0
2004-01-28,-71.0,0.0
2004-02-04,-71.0,0.0
2004-02-11,-71.0,0.0
2004-02-18,-72.0,-1.0
2004-02-25,-71.0,1.0
2004-03-03,-72.0,-1.0
2004-03-10,-72.0,0.0
2004-03-17,-72.0,0.0
2004-03-24,-71.0,1.0
2004-03-31,-71.0,0.0
2004-04-07,-79.0,-8.0
2004-04-14,-79.0,0.0
2004-04-21,-78.0,1.0
2004-04-28,-78.0,0.0
2004-05-05,-79.0,-1.0
2004-05-12,-79.0,0.0
2004-05-19,-83.0,-4.0
2004-05-26,-84.0,-1.0
2004-06-02,-86.0,-2.0
2004-06-09,-89.0,-3.0
2004-06-16,-90.0,-1.0
2004-06-23,-92.0,-2.0
2004-06-30,-95.0,-3.0
2004-07-07,-96.0,-1.0
2004-07-14,-98.0,-2.0
2004-07-21,-99.0,-1.0
2004-07-28,-100.0,-1.0
2004-08-04,-102.0,-2.0
2004-08-11,-104.0,-2.0
2004-08-18,-107.0,-3.0
2004-08-25,-108.0,-1.0
2004-09-01,-111.0,-3.0
2004-09-08,-113.0,-2.0
2004-09-15,-114.0,-1.0
2004-09-22,-115.0,-1.0
2004-09-29,-115.0,0.0
2004-10-06,-119.0,-4.0
2004-10-13,-120.0,-1.0
2004-10-20,-120.0,0.0
2004-10-27,-120.0,0.0
2004-11-03,-122.0,-2.0
2004-11-10,-123.0,-1.0
2004-11-17,-128.0,-5.0
2004-11-24,-131.0,-3.0
2004-12-01,-135.0,-4.0
2004-12-08,-137.0,-2.0
2004-12-15,-138.0,-1.0
2004-12-22,-138.0,0.0
2004-12-29,-139.0,-1.0
2005-01-05,-141.0,-2.0
2005-01-12,-143.0,-2.0
2005-01-19,-143.0,0.0
2005-01-26,-145.0,-2.0
2005-02-02,-147.0,-2.0
2005-02-09,-148.0,-1.0
2005-02-16,-152.0,-4.0
2005-02-23,-153.0,-1.0
2005-03-02,-157.0,-4.0
2005-03-09,-159.0,-2.0
2005-03-16,-161.0,-2.0
2005-03-23,-162.0,-1.0
2005-03-30,-164.0,-2.0
2005-04-06,-167.0,-3.0
2005-04-13,-188.0,-21.0
2005-04-20,-187.0,1.0
2005-04-27,-188.0,-1.0
2005-05-04,-188.0,0.0
2005-05-11,-188.0,0.0
2005-05-18,-191.0,-3.0
2005-05-25,-193.0,-2.0
2005-06-01,-196.0,-3.0
2005-06-08,-197.0,-1.0
2005-06-15,-199.0,-2.0
2005-06-22,-200.0,-1.0
2005-06-29,-201.0,-1.0
2005-07-06,-202.0,-1.0
2005-07-13,-204.0,-2.0
2005-07-20,-205.0,-1.0
2005-07-27,-206.0,-1.0
2005-08-03,-210.0,-4.0
2005-08-10,-212.0,-2.0
2005-08-17,-220.0,-8.0
2005-08-24,-224.0,-4.0
2005-08-31,-228.0,-4.0
2005-09-07,-230.0,-2.0
2005-09-14,-236.0,-6.0
2005-09-21,-237.0,-1.0
2005-09-28,-242.0,-5.0
2005-10-05,-246.0,-4.0
2005-10-12,-248.0,-2.0
2005-10-19,-250.0,-2.0
2005-10-26,-253.0,-3.0
2005-11-02,-257.0,-4.0
2005-11-09,-260.0,-3.0
2005-11-16,-266.0,-6.0
2005-11-23,-267.0,-1.0
2005-11-30,-273.0,-6.0
2005-12-07,-274.0,-1.0
2005-12-14,-275.0,-1.0
2005-12-21,-275.0,0.0
2005-12-28,-275.0,0.0
2006-01-04,-275.0,0.0
2006-01-11,-276.0,-1.0
2006-01-18,-277.0,-1.0
2006-01-25,-280.0,-3.0
2006-02-01,-290.0,-10.0
2006-02-08,-292.0,-2.0
2006-02-15,-300.0,-8.0
2006-02-22,-302.0,-2.0
2006-03-01,-309.0,-7.0
2006-03-08,-313.0,-4.0
2006-03-15,-319.0,-6.0
2006-03-22,-321.0,-2.0
2006-03-29,-323.0,-2.0
2006-04-05,-322.0,1.0
2006-04-12,-319.0,3.0
2006-04-19,-345.0,-26.0
2006-04-26,-347.0,-2.0
2006-05-03,-348.0,-1.0
2006-05-10,-348.0,0.0
2006-05-17,-356.0,-8.0
2006-05-24,-364.0,-8.0
2006-05-31,-366.0,-2.0
2006-06-07,-377.0,-11.0
2006-06-14,-380.0,-3.0
2006-06-21,-381.0,-1.0
2006-06-28,-383.0,-2.0
2006-07-05,-386.0,-3.0
2006-07-12,-387.0,-1.0
2006-07-19,-393.0,-6.0
2006-07-26,-393.0,0.0
2006-08-02,-406.0,-13.0
2006-08-09,-407.0,-1.0
2006-08-16,-425.0,-18.0
2006-08-23,-426.0,-1.0
2006-08-30,-430.0,-4.0
2006-09-06,-434.0,-4.0
2006-09-13,-442.0,-8.0
2006-09-20,-443.0,-1.0
2006-09-27,-443.0,0.0
2006-10-04,-443.0,0.0
2006-10-11,-441.0,2.0
2006-10-18,-440.0,1.0
2006-10-25,-440.0,0.0
2006-11-01,-444.0,-4.0
2006-11-08,-444.0,0.0
2006-11-15,-444.0,0.0
2006-11-22,-439.0,5.0
2006-11-29,-441.0,-2.0
2006-12-06,-439.0,2.0
2006-12-13,-438.0,1.0
2006-12-20,-436.0,2.0
2006-12-27,-432.0,4.0
2007-01-03,-431.0,1.0
2007-01-10,-428.0,3.0
2007-01-17,-427.0,1.0
2007-01-24,-424.0,3.0
2007-01-31,-424.0,0.0
2007-02-07,-422.0,2.0
2007-02-14,-421.0,1.0
2007-02-21,-423.0,-2.0
2007-02-28,-427.0,-4.0
2007-03-07,-428.0,-1.0
2007-03-14,-429.0,-1.0
2007-03-21,-430.0,-1.0
2007-03-28,-429.0,1.0
2007-04-04,-428.0,1.0
2007-04-11,-424.0,4.0
2007-04-18,-437.0,-13.0
2007-04-25,-435.0,2.0
2007-05-02,-433.0,2.0
2007-05-09,-429.0,4.0
2007-05-16,-434.0,-5.0
2007-05-23,-431.0,3.0
2007-05-30,-429.0,2.0
2007-06-06,-431.0,-2.0
2007-06-13,-433.0,-2.0
2007-06-20,-434.0,-1.0
2007-06-27,-434.0,0.0
2007-07-04,-436.0,-2.0
2007-07-11,-437.0,-1.0
2007-07-18,-437.0,0.0
2007-07-25,-437.0,0.0
2007-08-01,-443.0,-6.0
2007-08-08,-444.0,-1.0
2007-08-15,-458.0,-14.0
2007-08-22,-458.0,0.0
2007-08-29,-449.0,9.0
2007-09-05,-449.0,0.0
2007-09-12,-448.0,1.0
2007-09-19,-444.0,4.0
2007-09-26,-437.0,7.0
2007-10-03,-428.0,9.0
2007-10-10,-421.0,7.0
2007-10-17,-416.0,5.0
2007-10-24,-412.0,4.0
2007-10-31,-408.0,4.0
2007-11-07,-404.0,4.0
2007-11-14,-401.0,3.0
2007-11-21,-396.0,5.0
2007-11-28,-395.0,1.0
2007-12-05,-392.0,3.0
2007-12-12,-385.0,7.0
2007-12-19,-379.0,6.0
2007-12-26,-357.0,22.0
2008-01-02,-336.0,21.0
2008-01-09,-316.0,20.0
2008-01-16,-313.0,3.0
2008-01-23,-306.0,7.0
2008-01-30,-297.0,9.0
2008-02-06,-292.0,5.0
2008-02-13,-288.0,4.0
2008-02-20,-297.0,-9.0
2008-02-27,-291.0,6.0
2008-03-05,-287.0,4.0
2008-03-12,-275.0,12.0
2008-03-19,-242.0,33.0
2008-03-26,-208.0,34.0
2008-04-02,-195.0,13.0
2008-04-09,-188.0,7.0
2008-04-16,-182.0,6.0
2008-04-23,-173.0,9.0
2008-04-30,-173.0,0.0
2008-05-07,-167.0,6.0
2008-05-14,-157.0,10.0
2008-05-21,-169.0,-12.0
2008-05-28,-166.0,3.0
2008-06-04,-163.0,3.0
2008-06-11,-161.0,2.0
2008-06-18,-159.0,2.0
2008-06-25,-158.0,1.0
2008-07-02,-157.0,1.0
2008-07-09,-155.0,2.0
2008-07-16,-154.0,1.0
2008-07-23,-153.0,1.0
2008-07-30,-151.0,2.0
2008-08-06,-157.0,-6.0
2008-08-13,-156.0,1.0
2008-08-20,-166.0,-10.0
2008-08-27,-165.0,1.0
2008-09-03,-164.0,1.0
2008-09-10,-163.0,1.0
2008-09-17,-158.0,5.0
2008-09-24,-166.0,-8.0
2008-10-01,-169.0,-3.0
2008-10-08,-167.0,2.0
2008-10-15,-179.0,-12.0
2008-10-22,-178.0,1.0
2008-10-29,-176.0,2.0
2008-11-05,-179.0,-3.0
2008-11-12,-177.0,2.0
2008-11-19,-171.0,6.0
2008-11-26,-170.0,1.0
2008-12-03,-170.0,0.0
2008-12-10,-168.0,2.0
2008-12-17,-166.0,2.0
2008-12-24,-165.0,1.0
2008-12-31,-165.0,0.0
2009-01-07,-164.0,1.0
2009-01-14,-163.0,1.0
2009-01-21,-163.0,0.0
2009-01-28,-162.0,1.0
2009-02-04,-162.0,0.0
2009-02-11,-161.0,1.0
2009-02-18,-163.0,-2.0
2009-02-25,-162.0,1.0
2009-03-04,-164.0,-2.0
2009-03-11,-163.0,1.0
2009-03-18,-186.0,-23.0
2009-03-25,-185.0,1.0
2009-04-01,-164.0,21.0
2009-04-08,-158.0,6.0
2009-04-15,-161.0,-3.0
2009-04-22,-176.0,-15.0
2009-04-29,-174.0,2.0
2009-05-06,-181.0,-7.0
2009-05-13,-180.0,1.0
2009-05-20,-185.0,-5.0
2009-05-27,-187.0,-2.0
2009-06-03,-187.0,0.0
2009-06-10,-184.0,3.0
2009-06-17,-207.0,-23.0
2009-06-24,-212.0,-5.0
2009-07-01,-215.0,-3.0
2009-07-08,-223.0,-8.0
2009-07-15,-287.0,-64.0
2009-07-22,-300.0,-13.0
2009-07-29,-303.0,-3.0
2009-08-05,-306.0,-3.0
2009-08-12,-331.0,-25.0
2009-08-19,-381.0,-50.0
2009-08-26,-393.0,-12.0
2009-09-02,-370.0,23.0
2009-09-09,-368.0,2.0
2009-09-16,-377.0,-9.0
2009-09-23,-379.0,-2.0
2009-09-30,-379.0,0.0
2009-10-07,-379.0,0.0
2009-10-14,-384.0,-5.0
2009-10-21,-381.0,3.0
2009-10-28,-379.0,2.0
2009-11-04,-380.0,-1.0
2009-11-11,-380.0,0.0
2009-11-18,-389.0,-9.0
2009-11-25,-388.0,1.0
2009-12-02,-389.0,-1.0
2009-12-09,-387.0,2.0
2009-12-16,-388.0,-1.0
2009-12-23,-387.0,1.0
2009-12-30,-386.0,1.0
2010-01-06,-386.0,0.0
2010-01-13,-392.0,-6.0
2010-01-20,-398.0,-6.0
2010-01-27,-397.0,1.0
2010-02-03,-396.0,1.0
2010-02-10,-396.0,0.0
2010-02-17,-409.0,-13.0
2010-02-24,-409.0,0.0
2010-03-03,-408.0,1.0
2010-03-10,-407.0,1.0
2010-03-17,-409.0,-2.0
2010-03-24,-408.0,1.0
2010-03-31,-409.0,-1.0
2010-04-07,-409.0,0.0
2010-04-14,-410.0,-1.0
2010-04-21,-379.0,31.0
2010-04-28,-378.0,1.0
2010-05-05,-378.0,0.0
2010-05-12,-378.0,0.0
2010-05-19,-381.0,-3.0
2010-05-26,-380.0,1.0
2010-06-02,-380.0,0.0
2010-06-09,-379.0,1.0
2010-06-16,-378.0,1.0
2010-06-23,-377.0,1.0
2010-06-30,-378.0,-1.0
2010-07-07,-377.0,1.0
2010-07-14,-376.0,1.0
2010-07-21,-375.0,1.0
2010-07-28,-374.0,1.0
2010-08-04,-373.0,1.0
2010-08-11,-373.0,0.0
2010-08-18,-374.0,-1.0
2010-08-25,-369.0,5.0
2010-09-01,-367.0,2.0
2010-09-08,-361.0,6.0
2010-09-15,-358.0,3.0
2010-09-22,-355.0,3.0
2010-09-29,-349.0,6.0
2010-10-06,-344.0,5.0
2010-10-13,-344.0,0.0
2010-10-20,-340.0,4.0
2010-10-27,-334.0,6.0
2010-11-03,-334.0,0.0
2010-11-10,-328.0,6.0
2010-11-17,-324.0,4.0
2010-11-24,-306.0,18.0
2010-12-01,-304.0,2.0
2010-12-08,-306.0,-2.0
2010-12-15,-307.0,-1.0
2010-12-22,-313.0,-6.0
2010-12-29,-317.0,-4.0
2011-01-05,-319.0,-2.0
2011-01-12,-332.0,-13.0
2011-01-19,-340.0,-8.0
2011-01-26,-355.0,-15.0
2011-02-02,-356.0,-1.0
2011-02-09,-384.0,-28.0
2011-02-16,-421.0,-37.0
2011-02-23,-434.0,-13.0
2011-03-02,-438.0,-4.0
2011-03-09,-446.0,-8.0
2011-03-16,-446.0,0.0
2011-03-23,-446.0,0.0
2011-03-30,-446.0,0.0
2011-04-06,-454.0,-8.0
2011-04-13,-458.0,-4.0
2011-04-20,-415.0,43.0
2011-04-27,-414.0,1.0
2011-05-04,-418.0,-4.0
2011-05-11,-415.0,3.0
2011-05-18,-415.0,0.0
2011-05-25,-408.0,7.0
2011-06-01,-407.0,1.0
2011-06-08,-405.0,2.0
2011-06-15,-397.0,8.0
2011-06-22,-394.0,3.0
2011-06-29,-389.0,5.0
2011-07-06,-392.0,-3.0
2011-07-13,-391.0,1.0
2011-07-20,-389.0,2.0
2011-07-27,-382.0,7.0
2011-08-03,-380.0,2.0
2011-08-10,-379.0,1.0
2011-08-17,-377.0,2.0
2011-08-24,-370.0,7.0
2011-08-31,-349.0,21.0
2011-09-07,-346.0,3.0
2011-09-14,-342.0,4.0
2011-09-21,-338.0,4.0
2011-09-28,-329.0,9.0
2011-10-05,-311.0,18.0
2011-10-12,-293.0,18.0
2011-10-19,-277.0,16.0
2011-10-26,-268.0,9.0
2011-11-02,-263.0,5.0
2011-11-09,-262.0,1.0
2011-11-16,-260.0,2.0
2011-11-23,-254.0,6.0
2011-11-30,-252.0,2.0
2011-12-07,-250.0,2.0
2011-12-14,-246.0,4.0
2011-12-21,-241.0,5.0
2011-12-28,-238.0,3.0
2012-01-04,-237.0,1.0
2012-01-11,-234.0,3.0
2012-01-18,-232.0,2.0
2012-01-25,-231.0,1.0
2012-02-01,-229.0,2.0
2012-02-08,-228.0,1.0
2012-02-15,-234.0,-6.0
2012-02-22,-232.0,2.0
2012-02-29,-231.0,1.0
2012-03-07,-229.0,2.0
2012-03-14,-228.0,1.0
2012-03-21,-233.0,-5.0
2012-03-28,-231.0,2.0
2012-04-04,-231.0,0.0
2012-04-11,-231.0,0.0
2012-04-18,-203.0,28.0
2012-04-25,-200.0,3.0
2012-05-02,-200.0,0.0
2012-05-09,-199.0,1.0
2012-05-16,-199.0,0.0
2012-05-23,-198.0,1.0
2012-05-30,-197.0,1.0
2012-06-06,-195.0,2.0
2012-06-13,-194.0,1.0
2012-06-20,-188.0,6.0
2012-06-27,-185.0,3.0
2012-07-04,-183.0,2.0
2012-07-11,-181.0,2.0
2012-07-18,-178.0,3.0
2012-07-25,-176.0,2.0
2012-08-01,-170.0,6.0
2012-08-08,-170.0,0.0
2012-08-15,-166.0,4.0
2012-08-22,-165.0,1.0
2012-08-29,-157.0,8.0
2012-09-05,-156.0,1.0
2012-09-12,-152.0,4.0
2012-09-19,-152.0,0.0
2012-09-26,-149.0,3.0
2012-10-03,-145.0,4.0
2012-10-10,-145.0,0.0
2012-10-17,-143.0,2.0
2012-10-24,-142.0,1.0
2012-10-31,-139.0,3.0
2012-11-07,-139.0,0.0
2012-11-14,-137.0,2.0
2012-11-21,-135.0,2.0
2012-11-28,-132.0,3.0
2012-12-05,-132.0,0.0
2012-12-12,-131.0,1.0
2012-12-19,-133.0,-2.0
2012-12-26,-134.0,-1.0
2013-01-02,-134.0,0.0
2013-01-09,-137.0,-3.0
2013-01-16,-138.0,-1.0
2013-01-23,-141.0,-3.0
2013-01-30,-143.0,-2.0
2013-02-06,-144.0,-1.0
2013-02-13,-144.0,0.0
2013-02-20,-142.0,2.0
2013-02-27,-143.0,-1.0
2013-03-06,-141.0,2.0
2013-03-13,-144.0,-3.0
2013-03-20,-143.0,1.0
2013-03-27,-144.0,-1.0
2013-04-03,-141.0,3.0
2013-04-10,-142.0,-1.0
2013-04-17,-164.0,-22.0
2013-04-24,-164.0,0.0
2013-05-01,-163.0,1.0
2013-05-08,-164.0,-1.0
2013-05-15,-165.0,-1.0
2013-05-22,-167.0,-2.0
2013-05-29,-170.0,-3.0
2013-06-05,-188.0,-18.0
2013-06-12,-204.0,-16.0
2013-06-19,-210.0,-6.0
2013-06-26,-229.0,-19.0
2013-07-03,-239.0,-10.0
2013-07-10,-248.0,-9.0
2013-07-17,-288.0,-40.0
2013-07-24,-300.0,-12.0
2013-07-31,-318.0,-18.0
2013-08-07,-328.0,-10.0
2013-08-14,-385.0,-57.0
2013-08-21,-432.0,-47.0
2013-08-28,-484.0,-52.0
2013-09-04,-530.0,-46.0
2013-09-11,-580.0,-50.0
2013-09-18,-636.0,-56.0
2013-09-25,-684.0,-48.0
2013-10-02,-719.0,-35.0
2013-10-09,-755.0,-36.0
2013-10-16,-779.0,-24.0
2013-10-23,-817.0,-38.0
2013-10-30,-832.0,-15.0
2013-11-06,-859.0,-27.0
2013-11-13,-893.0,-34.0
2013-11-20,-965.0,-72.0
2013-11-27,-1009.0,-44.0
2013-12-04,-1029.0,-20.0
2013-12-11,-1098.0,-69.0
2013-12-18,-1157.0,-59.0
2013-12-25,-1223.0,-66.0
2014-01-01,-1221.0,2.0
2014-01-08,-1249.0,-28.0
2014-01-15,-1291.0,-42.0
2014-01-22,-1336.0,-45.0
2014-01-29,-1392.0,-56.0
2014-02-05,-1422.0,-30.0
2014-02-12,-1459.0,-37.0
2014-02-19,-1497.0,-38.0
2014-02-26,-1539.0,-42.0
2014-03-05,-1576.0,-37.0
2014-03-12,-1609.0,-33.0
2014-03-19,-1626.0,-17.0
2014-03-26,-1659.0,-33.0
2014-04-02,-1695.0,-36.0
2014-04-09,-1840.0,-145.0
2014-04-16,-1857.0,-17.0
2014-04-23,-1870.0,-13.0
2014-04-30,-1878.0,-8.0
2014-05-07,-1886.0,-8.0
2014-05-14,-1895.0,-9.0
2014-05-21,-1898.0,-3.0
2014-05-28,-1905.0,-7.0
2014-06-04,-1921.0,-16.0
2014-06-11,-1938.0,-17.0
2014-06-18,-1946.0,-8.0
2014-06-25,-1955.0,-9.0
2014-07-02,-1965.0,-10.0
2014-07-09,-1967.0,-2.0
2014-07-16,-1969.0,-2.0
2014-07-23,-1967.0,2.0
2014-07-30,-1974.0,-7.0
2014-08-06,-1978.0,-4.0
2014-08-13,-1983.0,-5.0
2014-08-20,-1981.0,2.0
2014-08-27,-1982.0,-1.0
2014-09-03,-1981.0,1.0
2014-09-10,-1979.0,2.0
2014-09-17,-1983.0,-4.0
2014-09-24,-1984.0,-1.0
2014-10-01,-1990.0,-6.0
2014-10-08,-1990.0,0.0
2014-10-15,-1986.0,4.0
2014-10-22,-1986.0,0.0
2014-10-29,-1983.0,3.0
2014-11-05,-1980.0,3.0
2014-11-12,-1976.0,4.0
2014-11-19,-1973.0,3.0
2014-11-26,-1968.0,5.0
2014-12-03,-1965.0,3.0
2014-12-10,-1962.0,3.0
2014-12-17,-1958.0,4.0
2014-12-24,-1954.0,4.0
2014-12-31,-1951.0,3.0
2015-01-07,-1948.0,3.0
2015-01-14,-1944.0,4.0
2015-01-21,-1941.0,3.0
2015-01-28,-1937.0,4.0
2015-02-04,-1933.0,4.0
2015-02-11,-1930.0,3.0
2015-02-18,-1926.0,4.0
2015-02-25,-1922.0,4.0
2015-03-04,-1919.0,3.0
2015-03-11,-1916.0,3.0
2015-03-18,-1912.0,4.0
2015-03-25,-1908.0,4.0
2015-04-01,-1904.0,4.0
2015-04-08,-1901.0,3.0
2015-04-15,-1897.0,4.0
2015-04-22,-2069.0,-172.0
2015-04-29,-2065.0,4.0
2015-05-06,-2061.0,4.0
2015-05-13,-2058.0,3.0
2015-05-20,-2054.0,4.0
2015-05-27,-2050.0,4.0
2015-06-03,-2046.0,4.0
2015-06-10,-2043.0,3.0
2015-06-17,-2038.0,5.0
2015-06-24,-2035.0,3.0
2015-07-01,-2030.0,5.0
2015-07-08,-2027.0,3.0
2015-07-15,-2024.0,3.0
2015-07-22,-2020.0,4.0
2015-07-29,-2016.0,4.0
