Date,Values,Delta Calculations
2002-12-18,109.0, 
2002-12-25,113.0,4.0
2003-01-01,82.0,-31.0
2003-01-08,82.0,0.0
2003-01-15,100.0,18.0
2003-01-22,84.0,-16.0
2003-01-29,84.0,0.0
2003-02-05,85.0,1.0
2003-02-12,97.0,12.0
2003-02-19,96.0,-1.0
2003-02-26,100.0,4.0
2003-03-05,92.0,-8.0
2003-03-12,97.0,5.0
2003-03-19,95.0,-2.0
2003-03-26,98.0,3.0
2003-04-02,94.0,-4.0
2003-04-09,100.0,6.0
2003-04-16,98.0,-2.0
2003-04-23,102.0,4.0
2003-04-30,97.0,-5.0
2003-05-07,104.0,7.0
2003-05-14,110.0,6.0
2003-05-21,108.0,-2.0
2003-05-28,112.0,4.0
2003-06-04,104.0,-8.0
2003-06-11,112.0,8.0
2003-06-18,110.0,-2.0
2003-06-25,115.0,5.0
2003-07-02,80.0,-35.0
2003-07-09,84.0,4.0
2003-07-16,79.0,-5.0
2003-07-23,88.0,9.0
2003-07-30,90.0,2.0
2003-08-06,88.0,-2.0
2003-08-13,95.0,7.0
2003-08-20,93.0,-2.0
2003-08-27,97.0,4.0
2003-09-03,94.0,-3.0
2003-09-10,95.0,1.0
2003-09-17,96.0,1.0
2003-09-24,99.0,3.0
2003-10-01,94.0,-5.0
2003-10-08,100.0,6.0
2003-10-15,101.0,1.0
2003-10-22,106.0,5.0
2003-10-29,110.0,4.0
2003-11-05,106.0,-4.0
2003-11-12,111.0,5.0
2003-11-19,110.0,-1.0
2003-11-26,114.0,4.0
2003-12-03,112.0,-2.0
2003-12-10,116.0,4.0
2003-12-17,116.0,0.0
2003-12-24,120.0,4.0
2003-12-31,84.0,-36.0
2004-01-07,85.0,1.0
2004-01-14,87.0,2.0
2004-01-21,87.0,0.0
2004-01-28,83.0,-4.0
2004-02-04,86.0,3.0
2004-02-11,95.0,9.0
2004-02-18,94.0,-1.0
2004-02-25,101.0,7.0
2004-03-03,98.0,-3.0
2004-03-10,101.0,3.0
2004-03-17,102.0,1.0
2004-03-24,105.0,3.0
2004-03-31,100.0,-5.0
2004-04-07,105.0,5.0
2004-04-14,110.0,5.0
2004-04-21,110.0,0.0
2004-04-28,115.0,5.0
2004-05-05,109.0,-6.0
2004-05-12,112.0,3.0
2004-05-19,110.0,-2.0
2004-05-26,116.0,6.0
2004-06-02,117.0,1.0
2004-06-09,120.0,3.0
2004-06-16,121.0,1.0
2004-06-23,126.0,5.0
2004-06-30,82.0,-44.0
2004-07-07,90.0,8.0
2004-07-14,95.0,5.0
2004-07-21,93.0,-2.0
2004-07-28,98.0,5.0
2004-08-04,94.0,-4.0
2004-08-11,98.0,4.0
2004-08-18,98.0,0.0
2004-08-25,104.0,6.0
2004-09-01,106.0,2.0
2004-09-08,104.0,-2.0
2004-09-15,103.0,-1.0
2004-09-22,111.0,8.0
2004-09-29,115.0,4.0
2004-10-06,111.0,-4.0
2004-10-13,177.0,66.0
2004-10-20,114.0,-63.0
2004-10-27,119.0,5.0
2004-11-03,225.0,106.0
2004-11-10,113.0,-112.0
2004-11-17,113.0,0.0
2004-11-24,114.0,1.0
2004-12-01,112.0,-2.0
2004-12-08,121.0,9.0
2004-12-15,121.0,0.0
2004-12-22,126.0,5.0
2004-12-29,131.0,5.0
2005-01-05,85.0,-46.0
2005-01-12,87.0,2.0
2005-01-19,86.0,-1.0
2005-01-26,86.0,0.0
2005-02-02,88.0,2.0
2005-02-09,96.0,8.0
2005-02-16,94.0,-2.0
2005-02-23,100.0,6.0
2005-03-02,99.0,-1.0
2005-03-09,103.0,4.0
2005-03-16,100.0,-3.0
2005-03-23,108.0,8.0
2005-03-30,112.0,4.0
2005-04-06,111.0,-1.0
2005-04-13,112.0,1.0
2005-04-20,113.0,1.0
2005-04-27,119.0,6.0
2005-05-04,115.0,-4.0
2005-05-11,117.0,2.0
2005-05-18,116.0,-1.0
2005-05-25,119.0,3.0
2005-06-01,115.0,-4.0
2005-06-08,120.0,5.0
2005-06-15,119.0,-1.0
2005-06-22,126.0,7.0
2005-06-29,131.0,5.0
2005-07-06,87.0,-44.0
2005-07-13,91.0,4.0
2005-07-20,88.0,-3.0
2005-07-27,93.0,5.0
2005-08-03,90.0,-3.0
2005-08-10,96.0,6.0
2005-08-17,95.0,-1.0
2005-08-24,100.0,5.0
2005-08-31,96.0,-4.0
2005-09-07,105.0,9.0
2005-09-14,112.0,7.0
2005-09-21,106.0,-6.0
2005-09-28,111.0,5.0
2005-10-05,107.0,-4.0
2005-10-12,113.0,6.0
2005-10-19,111.0,-2.0
2005-10-26,115.0,4.0
2005-11-02,111.0,-4.0
2005-11-09,118.0,7.0
2005-11-16,116.0,-2.0
2005-11-23,115.0,-1.0
2005-11-30,116.0,1.0
2005-12-07,124.0,8.0
2005-12-14,123.0,-1.0
2005-12-21,127.0,4.0
2005-12-28,132.0,5.0
2006-01-04,81.0,-51.0
2006-01-11,84.0,3.0
2006-01-18,84.0,0.0
2006-01-25,88.0,4.0
2006-02-01,91.0,3.0
2006-02-08,96.0,5.0
2006-02-15,95.0,-1.0
2006-02-22,104.0,9.0
2006-03-01,97.0,-7.0
2006-03-08,102.0,5.0
2006-03-15,102.0,0.0
2006-03-22,109.0,7.0
2006-03-29,113.0,4.0
2006-04-05,108.0,-5.0
2006-04-12,114.0,6.0
2006-04-19,114.0,0.0
2006-04-26,117.0,3.0
2006-05-03,114.0,-3.0
2006-05-10,120.0,6.0
2006-05-17,119.0,-1.0
2006-05-24,124.0,5.0
2006-05-31,119.0,-5.0
2006-06-07,125.0,6.0
2006-06-14,133.0,8.0
2006-06-21,131.0,-2.0
2006-06-28,136.0,5.0
2006-07-05,93.0,-43.0
2006-07-12,101.0,8.0
2006-07-19,98.0,-3.0
2006-07-26,102.0,4.0
2006-08-02,95.0,-7.0
2006-08-09,103.0,8.0
2006-08-16,101.0,-2.0
2006-08-23,108.0,7.0
2006-08-30,113.0,5.0
2006-09-06,109.0,-4.0
2006-09-13,116.0,7.0
2006-09-20,114.0,-2.0
2006-09-27,117.0,3.0
2006-10-04,113.0,-4.0
2006-10-11,121.0,8.0
2006-10-18,120.0,-1.0
2006-10-25,123.0,3.0
2006-11-01,116.0,-7.0
2006-11-08,122.0,6.0
2006-11-15,145.0,23.0
2006-11-22,150.0,5.0
2006-11-29,150.0,0.0
2006-12-06,146.0,-4.0
2006-12-13,154.0,8.0
2006-12-20,147.0,-7.0
2006-12-27,152.0,5.0
2007-01-03,111.0,-41.0
2007-01-10,117.0,6.0
2007-01-17,137.0,20.0
2007-01-24,120.0,-17.0
2007-01-31,118.0,-2.0
2007-02-07,123.0,5.0
2007-02-14,131.0,8.0
2007-02-21,124.0,-7.0
2007-02-28,125.0,1.0
2007-03-07,130.0,5.0
2007-03-14,133.0,3.0
2007-03-21,132.0,-1.0
2007-03-28,134.0,2.0
2007-04-04,135.0,1.0
2007-04-11,139.0,4.0
2007-04-18,139.0,0.0
2007-04-25,141.0,2.0
2007-05-02,141.0,0.0
2007-05-09,147.0,6.0
2007-05-16,143.0,-4.0
2007-05-23,148.0,5.0
2007-05-30,152.0,4.0
2007-06-06,154.0,2.0
2007-06-13,159.0,5.0
2007-06-20,154.0,-5.0
2007-06-27,158.0,4.0
2007-07-04,120.0,-38.0
2007-07-11,126.0,6.0
2007-07-18,122.0,-4.0
2007-07-25,126.0,4.0
2007-08-01,126.0,0.0
2007-08-08,133.0,7.0
2007-08-15,133.0,0.0
2007-08-22,135.0,2.0
2007-08-29,139.0,4.0
2007-09-05,141.0,2.0
2007-09-12,146.0,5.0
2007-09-19,144.0,-2.0
2007-09-26,145.0,1.0
2007-10-03,149.0,4.0
2007-10-10,155.0,6.0
2007-10-17,155.0,0.0
2007-10-24,155.0,0.0
2007-10-31,151.0,-4.0
2007-11-07,158.0,7.0
2007-11-14,164.0,6.0
2007-11-21,159.0,-5.0
2007-11-28,164.0,5.0
2007-12-05,161.0,-3.0
2007-12-12,172.0,11.0
2007-12-19,163.0,-9.0
2007-12-26,168.0,5.0
2008-01-02,116.0,-52.0
2008-01-09,123.0,7.0
2008-01-16,119.0,-4.0
2008-01-23,125.0,6.0
2008-01-30,124.0,-1.0
2008-02-06,125.0,1.0
2008-02-13,133.0,8.0
2008-02-20,129.0,-4.0
2008-02-27,130.0,1.0
2008-03-05,131.0,1.0
2008-03-12,137.0,6.0
2008-03-19,133.0,-4.0
2008-03-26,138.0,5.0
2008-04-02,137.0,-1.0
2008-04-09,143.0,6.0
2008-04-16,141.0,-2.0
2008-04-23,145.0,4.0
2008-04-30,141.0,-4.0
2008-05-07,151.0,10.0
2008-05-14,157.0,6.0
2008-05-21,153.0,-4.0
2008-05-28,156.0,3.0
2008-06-04,156.0,0.0
2008-06-11,162.0,6.0
2008-06-18,159.0,-3.0
2008-06-25,163.0,4.0
2008-07-02,122.0,-41.0
2008-07-09,128.0,6.0
2008-07-16,126.0,-2.0
2008-07-23,131.0,5.0
2008-07-30,134.0,3.0
2008-08-06,134.0,0.0
2008-08-13,140.0,6.0
2008-08-20,138.0,-2.0
2008-08-27,142.0,4.0
2008-09-03,141.0,-1.0
2008-09-10,146.0,5.0
2008-09-17,145.0,-1.0
2008-09-24,150.0,5.0
2008-10-01,148.0,-2.0
2008-10-08,154.0,6.0
2008-10-15,152.0,-2.0
2008-10-22,160.0,8.0
2008-10-29,167.0,7.0
2008-11-05,166.0,-1.0
2008-11-12,168.0,2.0
2008-11-19,177.0,9.0
2008-11-26,174.0,-3.0
2008-12-03,194.0,20.0
2008-12-10,190.0,-4.0
2008-12-17,184.0,-6.0
2008-12-24,172.0,-12.0
2008-12-31,131.0,-41.0
2009-01-07,122.0,-9.0
2009-01-14,138.0,16.0
2009-01-21,133.0,-5.0
2009-01-28,145.0,12.0
2009-02-04,137.0,-8.0
2009-02-11,149.0,12.0
2009-02-18,142.0,-7.0
2009-02-25,155.0,13.0
2009-03-04,145.0,-10.0
2009-03-11,160.0,15.0
2009-03-18,150.0,-10.0
2009-03-25,163.0,13.0
2009-04-01,153.0,-10.0
2009-04-08,169.0,16.0
2009-04-15,157.0,-12.0
2009-04-22,174.0,17.0
2009-04-29,168.0,-6.0
2009-05-06,175.0,7.0
2009-05-13,173.0,-2.0
2009-05-20,181.0,8.0
2009-05-27,178.0,-3.0
2009-06-03,185.0,7.0
2009-06-10,184.0,-1.0
2009-06-17,189.0,5.0
2009-06-24,184.0,-5.0
2009-07-01,142.0,-42.0
2009-07-08,140.0,-2.0
2009-07-15,145.0,5.0
2009-07-22,143.0,-2.0
2009-07-29,153.0,10.0
2009-08-05,145.0,-8.0
2009-08-12,157.0,12.0
2009-08-19,149.0,-8.0
2009-08-26,160.0,11.0
2009-09-02,153.0,-7.0
2009-09-09,165.0,12.0
2009-09-16,159.0,-6.0
2009-09-23,170.0,11.0
2009-09-30,162.0,-8.0
2009-10-07,174.0,12.0
2009-10-14,174.0,0.0
2009-10-21,179.0,5.0
2009-10-28,176.0,-3.0
2009-11-04,181.0,5.0
2009-11-11,181.0,0.0
2009-11-18,188.0,7.0
2009-11-25,184.0,-4.0
2009-12-02,192.0,8.0
2009-12-09,189.0,-3.0
2009-12-16,1245.0,1056.0
2009-12-23,471.0,-774.0
2009-12-30,368.0,-103.0
2010-01-06,196.0,-172.0
2010-01-13,1144.0,948.0
2010-01-20,554.0,-590.0
2010-01-27,264.0,-290.0
2010-02-03,192.0,-72.0
2010-02-10,1004.0,812.0
2010-02-17,358.0,-646.0
2010-02-24,339.0,-19.0
2010-03-03,196.0,-143.0
2010-03-10,441.0,245.0
2010-03-17,281.0,-160.0
2010-03-24,269.0,-12.0
2010-03-31,212.0,-57.0
2010-04-07,224.0,12.0
2010-04-14,484.0,260.0
2010-04-21,362.0,-122.0
2010-04-28,328.0,-34.0
2010-05-05,325.0,-3.0
2010-05-12,406.0,81.0
2010-05-19,370.0,-36.0
2010-05-26,335.0,-35.0
2010-06-02,305.0,-30.0
2010-06-09,293.0,-12.0
2010-06-16,412.0,119.0
2010-06-23,339.0,-73.0
2010-06-30,205.0,-134.0
2010-07-07,189.0,-16.0
2010-07-14,459.0,270.0
2010-07-21,208.0,-251.0
2010-07-28,234.0,26.0
2010-08-04,241.0,7.0
2010-08-11,435.0,194.0
2010-08-18,190.0,-245.0
2010-08-25,200.0,10.0
2010-09-01,190.0,-10.0
2010-09-08,206.0,16.0
2010-09-15,198.0,-8.0
2010-09-22,216.0,18.0
2010-09-29,214.0,-2.0
2010-10-06,225.0,11.0
2010-10-13,225.0,0.0
2010-10-20,237.0,12.0
2010-10-27,234.0,-3.0
2010-11-03,243.0,9.0
2010-11-10,241.0,-2.0
2010-11-17,252.0,11.0
2010-11-24,251.0,-1.0
2010-12-01,260.0,9.0
2010-12-08,260.0,0.0
2010-12-15,264.0,4.0
2010-12-22,262.0,-2.0
2010-12-29,278.0,16.0
2011-01-05,141.0,-137.0
2011-01-12,159.0,18.0
2011-01-19,154.0,-5.0
2011-01-26,175.0,21.0
2011-02-02,166.0,-9.0
2011-02-09,185.0,19.0
2011-02-16,178.0,-7.0
2011-02-23,198.0,20.0
2011-03-02,189.0,-9.0
2011-03-09,209.0,20.0
2011-03-16,200.0,-9.0
2011-03-23,220.0,20.0
2011-03-30,215.0,-5.0
2011-04-06,227.0,12.0
2011-04-13,228.0,1.0
2011-04-20,240.0,12.0
2011-04-27,236.0,-4.0
2011-05-04,245.0,9.0
2011-05-11,245.0,0.0
2011-05-18,256.0,11.0
2011-05-25,255.0,-1.0
2011-06-01,263.0,8.0
2011-06-08,265.0,2.0
2011-06-15,283.0,18.0
2011-06-22,275.0,-8.0
2011-06-29,292.0,17.0
2011-07-06,160.0,-132.0
2011-07-13,181.0,21.0
2011-07-20,173.0,-8.0
2011-07-27,192.0,19.0
2011-08-03,180.0,-12.0
2011-08-10,202.0,22.0
2011-08-17,194.0,-8.0
2011-08-24,215.0,21.0
2011-08-31,203.0,-12.0
2011-09-07,225.0,22.0
2011-09-14,222.0,-3.0
2011-09-21,235.0,13.0
2011-09-28,230.0,-5.0
2011-10-05,243.0,13.0
2011-10-12,242.0,-1.0
2011-10-19,255.0,13.0
2011-10-26,252.0,-3.0
2011-11-02,258.0,6.0
2011-11-09,257.0,-1.0
2011-11-16,288.0,31.0
2011-11-23,269.0,-19.0
2011-11-30,269.0,0.0
2011-12-07,275.0,6.0
2011-12-14,354.0,79.0
2011-12-21,325.0,-29.0
2011-12-28,345.0,20.0
2012-01-04,155.0,-190.0
2012-01-11,404.0,249.0
2012-01-18,229.0,-175.0
2012-01-25,211.0,-18.0
2012-02-01,320.0,109.0
2012-02-08,337.0,17.0
2012-02-15,354.0,17.0
2012-02-22,369.0,15.0
2012-02-29,306.0,-63.0
2012-03-07,321.0,15.0
2012-03-14,363.0,42.0
2012-03-21,377.0,14.0
2012-03-28,346.0,-31.0
2012-04-04,356.0,10.0
2012-04-11,354.0,-2.0
2012-04-18,390.0,36.0
2012-04-25,363.0,-27.0
2012-05-02,351.0,-12.0
2012-05-09,348.0,-3.0
2012-05-16,395.0,47.0
2012-05-23,403.0,8.0
2012-05-30,392.0,-11.0
2012-06-06,377.0,-15.0
2012-06-13,763.0,386.0
2012-06-20,482.0,-281.0
2012-06-27,419.0,-63.0
2012-07-04,251.0,-168.0
2012-07-11,282.0,31.0
2012-07-18,322.0,40.0
2012-07-25,311.0,-11.0
2012-08-01,289.0,-22.0
2012-08-08,310.0,21.0
2012-08-15,341.0,31.0
2012-08-22,349.0,8.0
2012-08-29,333.0,-16.0
2012-09-05,344.0,11.0
2012-09-12,338.0,-6.0
2012-09-19,398.0,60.0
2012-09-26,362.0,-36.0
2012-10-03,505.0,143.0
2012-10-10,505.0,0.0
2012-10-17,600.0,95.0
2012-10-24,544.0,-56.0
2012-10-31,501.0,-43.0
2012-11-07,498.0,-3.0
2012-11-14,1243.0,745.0
2012-11-21,668.0,-575.0
2012-11-28,571.0,-97.0
2012-12-05,556.0,-15.0
2012-12-12,1341.0,785.0
2012-12-19,641.0,-700.0
2012-12-26,608.0,-33.0
2013-01-02,429.0,-179.0
2013-01-09,451.0,22.0
2013-01-16,564.0,113.0
2013-01-23,555.0,-9.0
2013-01-30,475.0,-80.0
2013-02-06,379.0,-96.0
2013-02-13,488.0,109.0
2013-02-20,487.0,-1.0
2013-02-27,399.0,-88.0
2013-03-06,486.0,87.0
2013-03-13,655.0,169.0
2013-03-20,638.0,-17.0
2013-03-27,504.0,-134.0
2013-04-03,495.0,-9.0
2013-04-10,490.0,-5.0
2013-04-17,651.0,161.0
2013-04-24,550.0,-101.0
2013-05-01,566.0,16.0
2013-05-08,553.0,-13.0
2013-05-15,669.0,116.0
2013-05-22,629.0,-40.0
2013-05-29,602.0,-27.0
2013-06-05,333.0,-269.0
2013-06-12,356.0,23.0
2013-06-19,432.0,76.0
2013-06-26,380.0,-52.0
2013-07-03,277.0,-103.0
2013-07-10,295.0,18.0
2013-07-17,309.0,14.0
2013-07-24,309.0,0.0
2013-07-31,400.0,91.0
2013-08-07,417.0,17.0
2013-08-14,594.0,177.0
2013-08-21,469.0,-125.0
2013-08-28,437.0,-32.0
2013-09-04,452.0,15.0
2013-09-11,451.0,-1.0
2013-09-18,503.0,52.0
2013-09-25,483.0,-20.0
2013-10-02,580.0,97.0
2013-10-09,579.0,-1.0
2013-10-16,704.0,125.0
2013-10-23,623.0,-81.0
2013-10-30,618.0,-5.0
2013-11-06,517.0,-101.0
2013-11-13,853.0,336.0
2013-11-20,547.0,-306.0
2013-11-27,559.0,12.0
2013-12-04,421.0,-138.0
2013-12-11,796.0,375.0
2013-12-18,448.0,-348.0
2013-12-25,450.0,2.0
2014-01-01,295.0,-155.0
2014-01-08,317.0,22.0
2014-01-15,340.0,23.0
2014-01-22,340.0,0.0
2014-01-29,317.0,-23.0
2014-02-05,390.0,73.0
2014-02-12,388.0,-2.0
2014-02-19,493.0,105.0
2014-02-26,413.0,-80.0
2014-03-05,367.0,-46.0
2014-03-12,363.0,-4.0
2014-03-19,413.0,50.0
2014-03-26,381.0,-32.0
2014-04-02,352.0,-29.0
2014-04-09,359.0,7.0
2014-04-16,488.0,129.0
2014-04-23,386.0,-102.0
2014-04-30,398.0,12.0
2014-05-07,393.0,-5.0
2014-05-14,469.0,76.0
2014-05-21,427.0,-42.0
2014-05-28,433.0,6.0
2014-06-04,472.0,39.0
2014-06-11,500.0,28.0
2014-06-18,511.0,11.0
2014-06-25,517.0,6.0
2014-07-02,353.0,-164.0
2014-07-09,381.0,28.0
2014-07-16,398.0,17.0
2014-07-23,409.0,11.0
2014-07-30,395.0,-14.0
2014-08-06,359.0,-36.0
2014-08-13,389.0,30.0
2014-08-20,387.0,-2.0
2014-08-27,371.0,-16.0
2014-09-03,456.0,85.0
2014-09-10,454.0,-2.0
2014-09-17,496.0,42.0
2014-09-24,476.0,-20.0
2014-10-01,431.0,-45.0
2014-10-08,430.0,-1.0
2014-10-15,495.0,65.0
2014-10-22,449.0,-46.0
2014-10-29,473.0,24.0
2014-11-05,433.0,-40.0
2014-11-12,461.0,28.0
2014-11-19,473.0,12.0
2014-11-26,480.0,7.0
2014-12-03,396.0,-84.0
2014-12-10,422.0,26.0
2014-12-17,432.0,10.0
2014-12-24,444.0,12.0
2014-12-31,255.0,-189.0
2015-01-07,279.0,24.0
2015-01-14,515.0,236.0
2015-01-21,433.0,-82.0
2015-01-28,310.0,-123.0
2015-02-04,309.0,-1.0
2015-02-11,306.0,-3.0
2015-02-18,353.0,47.0
2015-02-25,326.0,-27.0
2015-03-04,311.0,-15.0
2015-03-11,310.0,-1.0
2015-03-18,361.0,51.0
2015-03-25,322.0,-39.0
2015-04-01,362.0,40.0
2015-04-08,358.0,-4.0
2015-04-15,450.0,92.0
2015-04-22,527.0,77.0
2015-04-29,409.0,-118.0
2015-05-06,388.0,-21.0
2015-05-13,731.0,343.0
2015-05-20,484.0,-247.0
2015-05-27,427.0,-57.0
2015-06-03,422.0,-5.0
2015-06-10,449.0,27.0
2015-06-17,460.0,11.0
2015-06-24,471.0,11.0
2015-07-01,283.0,-188.0
2015-07-08,309.0,26.0
2015-07-15,391.0,82.0
2015-07-22,340.0,-51.0
2015-07-29,323.0,-17.0
