Date,Values,Delta Calculations
2007-12-26,363.0, 
2008-01-02,636.0,273.0
2008-01-09,633.0,-3.0
2008-01-16,634.0,1.0
2008-01-23,619.0,-15.0
2008-01-30,626.0,7.0
2008-02-06,1350.0,724.0
2008-02-13,1342.0,-8.0
2008-02-20,565.0,-777.0
2008-02-27,583.0,18.0
2008-03-05,0.0,-583.0
2008-03-12,0.0,0.0
2008-03-19,0.0,0.0
2008-03-26,0.0,0.0
2008-04-02,1194.0,1194.0
2008-04-09,1209.0,15.0
2008-04-16,2089.0,880.0
2008-04-23,2074.0,-15.0
2008-04-30,2011.0,-63.0
2008-05-07,1984.0,-27.0
2008-05-14,2910.0,926.0
2008-05-21,2971.0,61.0
2008-05-28,3539.0,568.0
2008-06-04,3505.0,-34.0
2008-06-11,3520.0,15.0
2008-06-18,3503.0,-17.0
2008-06-25,3531.0,28.0
2008-07-02,3604.0,73.0
2008-07-09,3549.0,-55.0
2008-07-16,3578.0,29.0
2008-07-23,3478.0,-100.0
2008-07-30,3445.0,-33.0
2008-08-06,3423.0,-22.0
2008-08-13,3316.0,-107.0
2008-08-20,3673.0,357.0
2008-08-27,3670.0,-3.0
2008-09-03,3466.0,-204.0
2008-09-10,3357.0,-109.0
2008-09-17,3472.0,115.0
2008-09-24,8105.0,4633.0
2008-10-01,15905.0,7800.0
2008-10-08,18777.0,2872.0
2008-10-15,22823.0,4046.0
2008-10-22,25645.0,2822.0
2008-10-29,28018.0,2373.0
2008-11-05,30021.0,2003.0
2008-11-12,31668.0,1647.0
2008-11-19,31285.0,-383.0
2008-11-26,27126.0,-4159.0
2008-12-03,28623.0,1497.0
2008-12-10,33753.0,5130.0
2008-12-17,36322.0,2569.0
2008-12-24,32860.0,-3462.0
2008-12-31,32918.0,58.0
2009-01-07,31615.0,-1303.0
2009-01-14,29453.0,-2162.0
2009-01-21,26512.0,-2941.0
2009-01-28,27178.0,666.0
2009-02-04,15388.0,-11790.0
2009-02-11,15539.0,151.0
2009-02-18,14552.0,-987.0
2009-02-25,14624.0,72.0
2009-03-04,12040.0,-2584.0
2009-03-11,12213.0,173.0
2009-03-18,13146.0,933.0
2009-03-25,13362.0,216.0
2009-04-01,12302.0,-1060.0
2009-04-08,12613.0,311.0
2009-04-15,11761.0,-852.0
2009-04-22,11194.0,-567.0
2009-04-29,10261.0,-933.0
2009-05-06,10231.0,-30.0
2009-05-13,10286.0,55.0
2009-05-20,9812.0,-474.0
2009-05-27,7586.0,-2226.0
2009-06-03,7328.0,-258.0
2009-06-10,6645.0,-683.0
2009-06-17,6009.0,-636.0
2009-06-24,4897.0,-1112.0
2009-07-01,4723.0,-174.0
2009-07-08,4429.0,-294.0
2009-07-15,4604.0,175.0
2009-07-22,3659.0,-945.0
2009-07-29,3538.0,-121.0
2009-08-05,3129.0,-409.0
2009-08-12,3023.0,-106.0
2009-08-19,2810.0,-213.0
2009-08-26,2446.0,-364.0
2009-09-02,2543.0,97.0
2009-09-09,2538.0,-5.0
2009-09-16,2512.0,-26.0
2009-09-23,2413.0,-99.0
2009-09-30,2288.0,-125.0
2009-10-07,2032.0,-256.0
2009-10-14,1789.0,-243.0
2009-10-21,1699.0,-90.0
2009-10-28,1312.0,-387.0
2009-11-04,1284.0,-28.0
2009-11-11,1182.0,-102.0
2009-11-18,1140.0,-42.0
2009-11-25,1051.0,-89.0
2009-12-02,923.0,-128.0
2009-12-09,661.0,-262.0
2009-12-16,581.0,-80.0
2009-12-23,411.0,-170.0
2009-12-30,411.0,0.0
2010-01-06,411.0,0.0
2010-01-13,236.0,-175.0
2010-01-20,50.0,-186.0
2010-01-27,7.0,-43.0
2010-02-03,4.0,-3.0
2010-02-10,4.0,0.0
2010-02-17,0.0,-4.0
2010-02-24,0.0,0.0
2010-03-03,0.0,0.0
2010-03-10,0.0,0.0
2010-03-17,0.0,0.0
2010-03-24,0.0,0.0
2010-03-31,0.0,0.0
2010-04-07,0.0,0.0
2010-04-14,0.0,0.0
2010-04-21,0.0,0.0
2010-04-28,0.0,0.0
2010-05-05,0.0,0.0
2010-05-12,339.0,339.0
2010-05-19,339.0,0.0
2010-05-26,46.0,-293.0
2010-06-02,245.0,199.0
2010-06-09,46.0,-199.0
2010-06-16,46.0,0.0
2010-06-23,46.0,0.0
2010-06-30,46.0,0.0
2010-07-07,46.0,0.0
2010-07-14,46.0,0.0
2010-07-21,46.0,0.0
2010-07-28,46.0,0.0
2010-08-04,46.0,0.0
2010-08-11,46.0,0.0
2010-08-18,16.0,-30.0
2010-08-25,1.0,-15.0
2010-09-01,2.0,1.0
2010-09-08,2.0,0.0
2010-09-15,2.0,0.0
2010-09-22,2.0,0.0
2010-09-29,2.0,0.0
2010-10-06,2.0,0.0
2010-10-13,2.0,0.0
2010-10-20,21.0,19.0
2010-10-27,2.0,-19.0
2010-11-03,2.0,0.0
2010-11-10,2.0,0.0
2010-11-17,2.0,0.0
2010-11-24,2.0,0.0
2010-12-01,2.0,0.0
2010-12-08,2.0,0.0
2010-12-15,2.0,0.0
2010-12-22,3.0,1.0
2010-12-29,3.0,0.0
2011-01-05,3.0,0.0
2011-01-12,3.0,0.0
2011-01-19,3.0,0.0
2011-01-26,3.0,0.0
2011-02-02,2.0,-1.0
2011-02-09,2.0,0.0
2011-02-16,2.0,0.0
2011-02-23,2.0,0.0
2011-03-02,2.0,0.0
2011-03-09,0.0,-2.0
2011-03-16,0.0,0.0
2011-03-23,0.0,0.0
2011-03-30,0.0,0.0
2011-04-06,0.0,0.0
2011-04-13,0.0,0.0
2011-04-20,0.0,0.0
2011-04-27,0.0,0.0
2011-05-04,0.0,0.0
2011-05-11,0.0,0.0
2011-05-18,0.0,0.0
2011-05-25,0.0,0.0
2011-06-01,0.0,0.0
2011-06-08,0.0,0.0
2011-06-15,0.0,0.0
2011-06-22,0.0,0.0
2011-06-29,0.0,0.0
2011-07-06,0.0,0.0
2011-07-13,0.0,0.0
2011-07-20,0.0,0.0
2011-07-27,0.0,0.0
2011-08-03,0.0,0.0
2011-08-10,0.0,0.0
2011-08-17,7.0,7.0
2011-08-24,17.0,10.0
2011-08-31,0.0,-17.0
2011-09-07,0.0,0.0
2011-09-14,0.0,0.0
2011-09-21,20.0,20.0
2011-09-28,17.0,-3.0
2011-10-05,17.0,0.0
2011-10-12,17.0,0.0
2011-10-19,64.0,47.0
2011-10-26,64.0,0.0
2011-11-02,64.0,0.0
2011-11-09,68.0,4.0
2011-11-16,81.0,13.0
2011-11-23,83.0,2.0
2011-11-30,83.0,0.0
2011-12-07,80.0,-3.0
2011-12-14,1878.0,1798.0
2011-12-21,2163.0,285.0
2011-12-28,3450.0,1287.0
2012-01-04,3450.0,0.0
2012-01-11,3161.0,-289.0
2012-01-18,3569.0,408.0
2012-01-25,3565.0,-4.0
2012-02-01,3662.0,97.0
2012-02-08,3813.0,151.0
2012-02-15,3824.0,11.0
2012-02-22,3785.0,-39.0
2012-02-29,3778.0,-7.0
2012-03-07,2502.0,-1276.0
2012-03-14,2274.0,-228.0
2012-03-21,2299.0,25.0
2012-03-28,2281.0,-18.0
2012-04-04,1629.0,-652.0
2012-04-11,1138.0,-491.0
2012-04-18,1135.0,-3.0
2012-04-25,1121.0,-14.0
2012-05-02,955.0,-166.0
2012-05-09,934.0,-21.0
2012-05-16,927.0,-7.0
2012-05-23,926.0,-1.0
2012-05-30,777.0,-149.0
2012-06-06,781.0,4.0
2012-06-13,817.0,36.0
2012-06-20,849.0,32.0
2012-06-27,949.0,100.0
2012-07-04,980.0,31.0
2012-07-11,1041.0,61.0
2012-07-18,1071.0,30.0
2012-07-25,955.0,-116.0
2012-08-01,1088.0,133.0
2012-08-08,1052.0,-36.0
2012-08-15,1052.0,0.0
2012-08-22,928.0,-124.0
2012-08-29,900.0,-28.0
2012-09-05,822.0,-78.0
2012-09-12,682.0,-140.0
2012-09-19,517.0,-165.0
2012-09-26,515.0,-2.0
2012-10-03,440.0,-75.0
2012-10-10,454.0,14.0
2012-10-17,451.0,-3.0
2012-10-24,427.0,-24.0
2012-10-31,452.0,25.0
2012-11-07,437.0,-15.0
2012-11-14,425.0,-12.0
2012-11-21,429.0,4.0
2012-11-28,428.0,-1.0
2012-12-05,427.0,-1.0
2012-12-12,434.0,7.0
2012-12-19,405.0,-29.0
2012-12-26,312.0,-93.0
2013-01-02,312.0,0.0
2013-01-09,315.0,3.0
2013-01-16,283.0,-32.0
2013-01-23,283.0,0.0
2013-01-30,282.0,-1.0
2013-02-06,255.0,-27.0
2013-02-13,255.0,0.0
2013-02-20,255.0,0.0
2013-02-27,206.0,-49.0
2013-03-06,410.0,204.0
2013-03-13,393.0,-17.0
2013-03-20,391.0,-2.0
2013-03-27,406.0,15.0
2013-04-03,396.0,-10.0
2013-04-10,430.0,34.0
2013-04-17,371.0,-59.0
2013-04-24,371.0,0.0
2013-05-01,421.0,50.0
2013-05-08,358.0,-63.0
2013-05-15,358.0,0.0
2013-05-22,358.0,0.0
2013-05-29,87.0,-271.0
2013-06-05,87.0,0.0
2013-06-12,87.0,0.0
2013-06-19,87.0,0.0
2013-06-26,73.0,-14.0
2013-07-03,82.0,9.0
2013-07-10,73.0,-9.0
2013-07-17,73.0,0.0
2013-07-24,73.0,0.0
2013-07-31,73.0,0.0
2013-08-07,73.0,0.0
2013-08-14,73.0,0.0
2013-08-21,16.0,-57.0
2013-08-28,16.0,0.0
2013-09-04,16.0,0.0
2013-09-11,16.0,0.0
2013-09-18,13.0,-3.0
2013-09-25,13.0,0.0
2013-10-02,25.0,12.0
2013-10-09,9.0,-16.0
2013-10-16,13.0,4.0
2013-10-23,13.0,0.0
2013-10-30,13.0,0.0
2013-11-06,13.0,0.0
2013-11-13,13.0,0.0
2013-11-20,13.0,0.0
2013-11-27,13.0,0.0
2013-12-04,13.0,0.0
2013-12-11,13.0,0.0
2013-12-18,13.0,0.0
2013-12-25,13.0,0.0
2014-01-01,13.0,0.0
2014-01-08,13.0,0.0
2014-01-15,13.0,0.0
2014-01-22,13.0,0.0
2014-01-29,13.0,0.0
2014-02-05,16.0,3.0
2014-02-12,16.0,0.0
2014-02-19,16.0,0.0
2014-02-26,16.0,0.0
2014-03-05,21.0,5.0
2014-03-12,21.0,0.0
2014-03-19,21.0,0.0
2014-03-26,21.0,0.0
2014-04-02,19.0,-2.0
2014-04-09,19.0,0.0
2014-04-16,19.0,0.0
2014-04-23,19.0,0.0
2014-04-30,14.0,-5.0
2014-05-07,14.0,0.0
2014-05-14,14.0,0.0
2014-05-21,14.0,0.0
2014-05-28,8.0,-6.0
2014-06-04,8.0,0.0
2014-06-11,8.0,0.0
2014-06-18,8.0,0.0
2014-06-25,6.0,-2.0
2014-07-02,6.0,0.0
2014-07-09,6.0,0.0
2014-07-16,6.0,0.0
2014-07-23,4.0,-2.0
2014-07-30,3.0,-1.0
2014-08-06,3.0,0.0
2014-08-13,3.0,0.0
2014-08-20,3.0,0.0
2014-08-27,4.0,1.0
2014-09-03,3.0,-1.0
2014-09-10,4.0,1.0
2014-09-17,3.0,-1.0
2014-09-24,1.0,-2.0
2014-10-01,11.0,10.0
2014-10-08,0.0,-11.0
2014-10-15,0.0,0.0
2014-10-22,0.0,0.0
2014-10-29,0.0,0.0
2014-11-05,0.0,0.0
2014-11-12,0.0,0.0
2014-11-19,0.0,0.0
2014-11-26,0.0,0.0
2014-12-03,0.0,0.0
2014-12-10,0.0,0.0
2014-12-17,0.0,0.0
2014-12-24,1.0,1.0
2014-12-31,70.0,69.0
2015-01-07,70.0,0.0
2015-01-14,0.0,-70.0
2015-01-21,0.0,0.0
2015-01-28,0.0,0.0
2015-02-04,0.0,0.0
2015-02-11,0.0,0.0
2015-02-18,0.0,0.0
2015-02-25,0.0,0.0
2015-03-04,0.0,0.0
2015-03-11,0.0,0.0
2015-03-18,0.0,0.0
2015-03-25,0.0,0.0
2015-04-01,37.0,37.0
2015-04-08,0.0,-37.0
2015-04-15,0.0,0.0
2015-04-22,0.0,0.0
2015-04-29,0.0,0.0
2015-05-06,0.0,0.0
2015-05-13,0.0,0.0
2015-05-20,0.0,0.0
2015-05-27,0.0,0.0
2015-06-03,0.0,0.0
2015-06-10,0.0,0.0
2015-06-17,5.0,5.0
2015-06-24,5.0,0.0
2015-07-01,29.0,24.0
2015-07-08,7.0,-22.0
2015-07-15,14.0,7.0
2015-07-22,30.0,16.0
2015-07-29,16.0,-14.0
