Date,Values,Delta Calculations
2002-12-18,48.0, 
2002-12-25,48.0,0.0
2003-01-01,45.0,-3.0
2003-01-08,44.0,-1.0
2003-01-15,47.0,3.0
2003-01-22,48.0,1.0
2003-01-29,52.0,4.0
2003-02-05,53.0,1.0
2003-02-12,55.0,2.0
2003-02-19,54.0,-1.0
2003-02-26,54.0,0.0
2003-03-05,51.0,-3.0
2003-03-12,50.0,-1.0
2003-03-19,50.0,0.0
2003-03-26,51.0,1.0
2003-04-02,52.0,1.0
2003-04-09,50.0,-2.0
2003-04-16,50.0,0.0
2003-04-23,51.0,1.0
2003-04-30,50.0,-1.0
2003-05-07,50.0,0.0
2003-05-14,48.0,-2.0
2003-05-21,46.0,-2.0
2003-05-28,42.0,-4.0
2003-06-04,43.0,1.0
2003-06-11,44.0,1.0
2003-06-18,43.0,-1.0
2003-06-25,44.0,1.0
2003-07-02,41.0,-3.0
2003-07-09,39.0,-2.0
2003-07-16,37.0,-2.0
2003-07-23,37.0,0.0
2003-07-30,35.0,-2.0
2003-08-06,35.0,0.0
2003-08-13,33.0,-2.0
2003-08-20,32.0,-1.0
2003-08-27,31.0,-1.0
2003-09-03,30.0,-1.0
2003-09-10,27.0,-3.0
2003-09-17,27.0,0.0
2003-09-24,28.0,1.0
2003-10-01,27.0,-1.0
2003-10-08,26.0,-1.0
2003-10-15,26.0,0.0
2003-10-22,23.0,-3.0
2003-10-29,26.0,3.0
2003-11-05,28.0,2.0
2003-11-12,27.0,-1.0
2003-11-19,25.0,-2.0
2003-11-26,27.0,2.0
2003-12-03,25.0,-2.0
2003-12-10,25.0,0.0
2003-12-17,27.0,2.0
2003-12-24,25.0,-2.0
2003-12-31,23.0,-2.0
2004-01-07,25.0,2.0
2004-01-14,24.0,-1.0
2004-01-21,27.0,3.0
2004-01-28,27.0,0.0
2004-02-04,31.0,4.0
2004-02-11,35.0,4.0
2004-02-18,35.0,0.0
2004-02-25,35.0,0.0
2004-03-03,37.0,2.0
2004-03-10,39.0,2.0
2004-03-17,37.0,-2.0
2004-03-24,39.0,2.0
2004-03-31,39.0,0.0
2004-04-07,41.0,2.0
2004-04-14,39.0,-2.0
2004-04-21,38.0,-1.0
2004-04-28,41.0,3.0
2004-05-05,39.0,-2.0
2004-05-12,37.0,-2.0
2004-05-19,34.0,-3.0
2004-05-26,34.0,0.0
2004-06-02,33.0,-1.0
2004-06-09,31.0,-2.0
2004-06-16,30.0,-1.0
2004-06-23,26.0,-4.0
2004-06-30,27.0,1.0
2004-07-07,25.0,-2.0
2004-07-14,24.0,-1.0
2004-07-21,22.0,-2.0
2004-07-28,21.0,-1.0
2004-08-04,20.0,-1.0
2004-08-11,20.0,0.0
2004-08-18,19.0,-1.0
2004-08-25,20.0,1.0
2004-09-01,18.0,-2.0
2004-09-08,18.0,0.0
2004-09-15,20.0,2.0
2004-09-22,21.0,1.0
2004-09-29,20.0,-1.0
2004-10-06,18.0,-2.0
2004-10-13,17.0,-1.0
2004-10-20,16.0,-1.0
2004-10-27,19.0,3.0
2004-11-03,21.0,2.0
2004-11-10,22.0,1.0
2004-11-17,23.0,1.0
2004-11-24,22.0,-1.0
2004-12-01,20.0,-2.0
2004-12-08,20.0,0.0
2004-12-15,18.0,-2.0
2004-12-22,18.0,0.0
2004-12-29,18.0,0.0
2005-01-05,18.0,0.0
2005-01-12,18.0,0.0
2005-01-19,19.0,1.0
2005-01-26,20.0,1.0
2005-02-02,21.0,1.0
2005-02-09,23.0,2.0
2005-02-16,23.0,0.0
2005-02-23,23.0,0.0
2005-03-02,22.0,-1.0
2005-03-09,22.0,0.0
2005-03-16,22.0,0.0
2005-03-23,22.0,0.0
2005-03-30,22.0,0.0
2005-04-06,22.0,0.0
2005-04-13,24.0,2.0
2005-04-20,24.0,0.0
2005-04-27,21.0,-3.0
2005-05-04,21.0,0.0
2005-05-11,22.0,1.0
2005-05-18,23.0,1.0
2005-05-25,23.0,0.0
2005-06-01,21.0,-2.0
2005-06-08,21.0,0.0
2005-06-15,20.0,-1.0
2005-06-22,20.0,0.0
2005-06-29,17.0,-3.0
2005-07-06,15.0,-2.0
2005-07-13,15.0,0.0
2005-07-20,13.0,-2.0
2005-07-27,12.0,-1.0
2005-08-03,13.0,1.0
2005-08-10,13.0,0.0
2005-08-17,14.0,1.0
2005-08-24,15.0,1.0
2005-08-31,14.0,-1.0
2005-09-07,13.0,-1.0
2005-09-14,15.0,2.0
2005-09-21,17.0,2.0
2005-09-28,18.0,1.0
2005-10-05,23.0,5.0
2005-10-12,26.0,3.0
2005-10-19,29.0,3.0
2005-10-26,28.0,-1.0
2005-11-02,29.0,1.0
2005-11-09,31.0,2.0
2005-11-16,29.0,-2.0
2005-11-23,30.0,1.0
2005-11-30,30.0,0.0
2005-12-07,29.0,-1.0
2005-12-14,31.0,2.0
2005-12-21,31.0,0.0
2005-12-28,32.0,1.0
2006-01-04,31.0,-1.0
2006-01-11,30.0,-1.0
2006-01-18,31.0,1.0
2006-01-25,33.0,2.0
2006-02-01,33.0,0.0
2006-02-08,36.0,3.0
2006-02-15,37.0,1.0
2006-02-22,37.0,0.0
2006-03-01,38.0,1.0
2006-03-08,40.0,2.0
2006-03-15,40.0,0.0
2006-03-22,39.0,-1.0
2006-03-29,38.0,-1.0
2006-04-05,38.0,0.0
2006-04-12,39.0,1.0
2006-04-19,41.0,2.0
2006-04-26,41.0,0.0
2006-05-03,41.0,0.0
2006-05-10,38.0,-3.0
2006-05-17,37.0,-1.0
2006-05-24,35.0,-2.0
2006-05-31,34.0,-1.0
2006-06-07,34.0,0.0
2006-06-14,32.0,-2.0
2006-06-21,32.0,0.0
2006-06-28,33.0,1.0
2006-07-05,31.0,-2.0
2006-07-12,30.0,-1.0
2006-07-19,29.0,-1.0
2006-07-26,28.0,-1.0
2006-08-02,28.0,0.0
2006-08-09,27.0,-1.0
2006-08-16,26.0,-1.0
2006-08-23,24.0,-2.0
2006-08-30,25.0,1.0
2006-09-06,25.0,0.0
2006-09-13,24.0,-1.0
2006-09-20,25.0,1.0
2006-09-27,24.0,-1.0
2006-10-04,24.0,0.0
2006-10-11,23.0,-1.0
2006-10-18,22.0,-1.0
2006-10-25,23.0,1.0
2006-11-01,23.0,0.0
2006-11-08,23.0,0.0
2006-11-15,25.0,2.0
2006-11-22,22.0,-3.0
2006-11-29,23.0,1.0
2006-12-06,24.0,1.0
2006-12-13,25.0,1.0
2006-12-20,24.0,-1.0
2006-12-27,23.0,-1.0
2007-01-03,29.0,6.0
2007-01-10,29.0,0.0
2007-01-17,35.0,6.0
2007-01-24,39.0,4.0
2007-01-31,42.0,3.0
2007-02-07,40.0,-2.0
2007-02-14,39.0,-1.0
2007-02-21,37.0,-2.0
2007-02-28,38.0,1.0
2007-03-07,39.0,1.0
2007-03-14,38.0,-1.0
2007-03-21,37.0,-1.0
2007-03-28,37.0,0.0
2007-04-04,40.0,3.0
2007-04-11,40.0,0.0
2007-04-18,41.0,1.0
2007-04-25,42.0,1.0
2007-05-02,47.0,5.0
2007-05-09,44.0,-3.0
2007-05-16,39.0,-5.0
2007-05-23,35.0,-4.0
2007-05-30,33.0,-2.0
2007-06-06,33.0,0.0
2007-06-13,31.0,-2.0
2007-06-20,29.0,-2.0
2007-06-27,26.0,-3.0
2007-07-04,24.0,-2.0
2007-07-11,25.0,1.0
2007-07-18,30.0,5.0
2007-07-25,29.0,-1.0
2007-08-01,29.0,0.0
2007-08-08,30.0,1.0
2007-08-15,28.0,-2.0
2007-08-22,26.0,-2.0
2007-08-29,26.0,0.0
2007-09-05,26.0,0.0
2007-09-12,27.0,1.0
2007-09-19,29.0,2.0
2007-09-26,32.0,3.0
2007-10-03,37.0,5.0
2007-10-10,39.0,2.0
2007-10-17,43.0,4.0
2007-10-24,44.0,1.0
2007-10-31,43.0,-1.0
2007-11-07,39.0,-4.0
2007-11-14,36.0,-3.0
2007-11-21,36.0,0.0
2007-11-28,37.0,1.0
2007-12-05,40.0,3.0
2007-12-12,40.0,0.0
2007-12-19,38.0,-2.0
2007-12-26,35.0,-3.0
2008-01-02,36.0,1.0
2008-01-09,35.0,-1.0
2008-01-16,39.0,4.0
2008-01-23,42.0,3.0
2008-01-30,47.0,5.0
2008-02-06,47.0,0.0
2008-02-13,45.0,-2.0
2008-02-20,46.0,1.0
2008-02-27,45.0,-1.0
2008-03-05,44.0,-1.0
2008-03-12,43.0,-1.0
2008-03-19,42.0,-1.0
2008-03-26,44.0,2.0
2008-04-02,46.0,2.0
2008-04-09,47.0,1.0
2008-04-16,46.0,-1.0
2008-04-23,48.0,2.0
2008-04-30,51.0,3.0
2008-05-07,49.0,-2.0
2008-05-14,47.0,-2.0
2008-05-21,44.0,-3.0
2008-05-28,45.0,1.0
2008-06-04,44.0,-1.0
2008-06-11,45.0,1.0
2008-06-18,43.0,-2.0
2008-06-25,40.0,-3.0
2008-07-02,38.0,-2.0
2008-07-09,36.0,-2.0
2008-07-16,35.0,-1.0
2008-07-23,35.0,0.0
2008-07-30,40.0,5.0
2008-08-06,39.0,-1.0
2008-08-13,38.0,-1.0
2008-08-20,36.0,-2.0
2008-08-27,37.0,1.0
2008-09-03,37.0,0.0
2008-09-10,39.0,2.0
2008-09-17,39.0,0.0
2008-09-24,40.0,1.0
2008-10-01,42.0,2.0
2008-10-08,45.0,3.0
2008-10-15,46.0,1.0
2008-10-22,52.0,6.0
2008-10-29,51.0,-1.0
2008-11-05,50.0,-1.0
2008-11-12,50.0,0.0
2008-11-19,56.0,6.0
2008-11-26,57.0,1.0
2008-12-03,57.0,0.0
2008-12-10,59.0,2.0
2008-12-17,58.0,-1.0
2008-12-24,56.0,-2.0
2008-12-31,56.0,0.0
2009-01-07,56.0,0.0
2009-01-14,56.0,0.0
2009-01-21,59.0,3.0
2009-01-28,63.0,4.0
2009-02-04,65.0,2.0
2009-02-11,62.0,-3.0
2009-02-18,61.0,-1.0
2009-02-25,62.0,1.0
2009-03-04,62.0,0.0
2009-03-11,62.0,0.0
2009-03-18,63.0,1.0
2009-03-25,66.0,3.0
2009-04-01,66.0,0.0
2009-04-08,67.0,1.0
2009-04-15,67.0,0.0
2009-04-22,71.0,4.0
2009-04-29,70.0,-1.0
2009-05-06,73.0,3.0
2009-05-13,70.0,-3.0
2009-05-20,69.0,-1.0
2009-05-27,67.0,-2.0
2009-06-03,66.0,-1.0
2009-06-10,64.0,-2.0
2009-06-17,63.0,-1.0
2009-06-24,61.0,-2.0
2009-07-01,61.0,0.0
2009-07-08,60.0,-1.0
2009-07-15,59.0,-1.0
2009-07-22,61.0,2.0
2009-07-29,63.0,2.0
2009-08-05,65.0,2.0
2009-08-12,63.0,-2.0
2009-08-19,62.0,-1.0
2009-08-26,60.0,-2.0
2009-09-02,61.0,1.0
2009-09-09,60.0,-1.0
2009-09-16,60.0,0.0
2009-09-23,61.0,1.0
2009-09-30,63.0,2.0
2009-10-07,64.0,1.0
2009-10-14,63.0,-1.0
2009-10-21,64.0,1.0
2009-10-28,67.0,3.0
2009-11-04,67.0,0.0
2009-11-11,67.0,0.0
2009-11-18,67.0,0.0
2009-11-25,67.0,0.0
2009-12-02,68.0,1.0
2009-12-09,66.0,-2.0
2009-12-16,65.0,-1.0
2009-12-23,65.0,0.0
2009-12-30,64.0,-1.0
2010-01-06,65.0,1.0
2010-01-13,65.0,0.0
2010-01-20,66.0,1.0
2010-01-27,70.0,4.0
2010-02-03,72.0,2.0
2010-02-10,72.0,0.0
2010-02-17,73.0,1.0
2010-02-24,73.0,0.0
2010-03-03,74.0,1.0
2010-03-10,74.0,0.0
2010-03-17,74.0,0.0
2010-03-24,74.0,0.0
2010-03-31,75.0,1.0
2010-04-07,74.0,-1.0
2010-04-14,76.0,2.0
2010-04-21,75.0,-1.0
2010-04-28,76.0,1.0
2010-05-05,75.0,-1.0
2010-05-12,73.0,-2.0
2010-05-19,71.0,-2.0
2010-05-26,69.0,-2.0
2010-06-02,68.0,-1.0
2010-06-09,67.0,-1.0
2010-06-16,67.0,0.0
2010-06-23,67.0,0.0
2010-06-30,65.0,-2.0
2010-07-07,65.0,0.0
2010-07-14,65.0,0.0
2010-07-21,65.0,0.0
2010-07-28,68.0,3.0
2010-08-04,66.0,-2.0
2010-08-11,65.0,-1.0
2010-08-18,64.0,-1.0
2010-08-25,63.0,-1.0
2010-09-01,63.0,0.0
2010-09-08,63.0,0.0
2010-09-15,62.0,-1.0
2010-09-22,63.0,1.0
2010-09-29,63.0,0.0
2010-10-06,64.0,1.0
2010-10-13,64.0,0.0
2010-10-20,64.0,0.0
2010-10-27,69.0,5.0
2010-11-03,68.0,-1.0
2010-11-10,67.0,-1.0
2010-11-17,65.0,-2.0
2010-11-24,59.0,-6.0
2010-12-01,56.0,-3.0
2010-12-08,55.0,-1.0
2010-12-15,55.0,0.0
2010-12-22,50.0,-5.0
2010-12-29,47.0,-3.0
2011-01-05,46.0,-1.0
2011-01-12,47.0,1.0
2011-01-19,48.0,1.0
2011-01-26,50.0,2.0
2011-02-02,50.0,0.0
2011-02-09,50.0,0.0
2011-02-16,50.0,0.0
2011-02-23,51.0,1.0
2011-03-02,52.0,1.0
2011-03-09,52.0,0.0
2011-03-16,51.0,-1.0
2011-03-23,52.0,1.0
2011-03-30,53.0,1.0
2011-04-06,53.0,0.0
2011-04-13,53.0,0.0
2011-04-20,56.0,3.0
2011-04-27,56.0,0.0
2011-05-04,55.0,-1.0
2011-05-11,54.0,-1.0
2011-05-18,53.0,-1.0
2011-05-25,52.0,-1.0
2011-06-01,52.0,0.0
2011-06-08,50.0,-2.0
2011-06-15,50.0,0.0
2011-06-22,50.0,0.0
2011-06-29,49.0,-1.0
2011-07-06,48.0,-1.0
2011-07-13,49.0,1.0
2011-07-20,49.0,0.0
2011-07-27,49.0,0.0
2011-08-03,51.0,2.0
2011-08-10,51.0,0.0
2011-08-17,51.0,0.0
2011-08-24,51.0,0.0
2011-08-31,52.0,1.0
2011-09-07,53.0,1.0
2011-09-14,54.0,1.0
2011-09-21,56.0,2.0
2011-09-28,57.0,1.0
2011-10-05,56.0,-1.0
2011-10-12,54.0,-2.0
2011-10-19,58.0,4.0
2011-10-26,59.0,1.0
2011-11-02,59.0,0.0
2011-11-09,58.0,-1.0
2011-11-16,57.0,-1.0
2011-11-23,57.0,0.0
2011-11-30,56.0,-1.0
2011-12-07,55.0,-1.0
2011-12-14,53.0,-2.0
2011-12-21,52.0,-1.0
2011-12-28,52.0,0.0
2012-01-04,52.0,0.0
2012-01-11,53.0,1.0
2012-01-18,55.0,2.0
2012-01-25,56.0,1.0
2012-02-01,59.0,3.0
2012-02-08,58.0,-1.0
2012-02-15,59.0,1.0
2012-02-22,58.0,-1.0
2012-02-29,57.0,-1.0
2012-03-07,62.0,5.0
2012-03-14,62.0,0.0
2012-03-21,63.0,1.0
2012-03-28,58.0,-5.0
2012-04-04,55.0,-3.0
2012-04-11,55.0,0.0
2012-04-18,53.0,-2.0
2012-04-25,52.0,-1.0
2012-05-02,53.0,1.0
2012-05-09,51.0,-2.0
2012-05-16,50.0,-1.0
2012-05-23,48.0,-2.0
2012-05-30,46.0,-2.0
2012-06-06,43.0,-3.0
2012-06-13,43.0,0.0
2012-06-20,41.0,-2.0
2012-06-27,40.0,-1.0
2012-07-04,41.0,1.0
2012-07-11,38.0,-3.0
2012-07-18,40.0,2.0
2012-07-25,39.0,-1.0
2012-08-01,38.0,-1.0
2012-08-08,41.0,3.0
2012-08-15,45.0,4.0
2012-08-22,46.0,1.0
2012-08-29,48.0,2.0
2012-09-05,47.0,-1.0
2012-09-12,48.0,1.0
2012-09-19,48.0,0.0
2012-09-26,49.0,1.0
2012-10-03,52.0,3.0
2012-10-10,52.0,0.0
2012-10-17,52.0,0.0
2012-10-24,51.0,-1.0
2012-10-31,50.0,-1.0
2012-11-07,50.0,0.0
2012-11-14,44.0,-6.0
2012-11-21,38.0,-6.0
2012-11-28,39.0,1.0
2012-12-05,40.0,1.0
2012-12-12,39.0,-1.0
2012-12-19,39.0,0.0
2012-12-26,38.0,-1.0
2013-01-02,39.0,1.0
2013-01-09,39.0,0.0
2013-01-16,40.0,1.0
2013-01-23,40.0,0.0
2013-01-30,41.0,1.0
2013-02-06,43.0,2.0
2013-02-13,43.0,0.0
2013-02-20,42.0,-1.0
2013-02-27,44.0,2.0
2013-03-06,43.0,-1.0
2013-03-13,42.0,-1.0
2013-03-20,40.0,-2.0
2013-03-27,41.0,1.0
2013-04-03,40.0,-1.0
2013-04-10,39.0,-1.0
2013-04-17,38.0,-1.0
2013-04-24,39.0,1.0
2013-05-01,40.0,1.0
2013-05-08,40.0,0.0
2013-05-15,39.0,-1.0
2013-05-22,39.0,0.0
2013-05-29,36.0,-3.0
2013-06-05,35.0,-1.0
2013-06-12,36.0,1.0
2013-06-19,36.0,0.0
2013-06-26,35.0,-1.0
2013-07-03,32.0,-3.0
2013-07-10,33.0,1.0
2013-07-17,33.0,0.0
2013-07-24,32.0,-1.0
2013-07-31,34.0,2.0
2013-08-07,34.0,0.0
2013-08-14,34.0,0.0
2013-08-21,35.0,1.0
2013-08-28,35.0,0.0
2013-09-04,34.0,-1.0
2013-09-11,35.0,1.0
2013-09-18,36.0,1.0
2013-09-25,34.0,-2.0
2013-10-02,35.0,1.0
2013-10-09,35.0,0.0
2013-10-16,36.0,1.0
2013-10-23,35.0,-1.0
2013-10-30,34.0,-1.0
2013-11-06,33.0,-1.0
2013-11-13,32.0,-1.0
2013-11-20,32.0,0.0
2013-11-27,33.0,1.0
2013-12-04,34.0,1.0
2013-12-11,35.0,1.0
2013-12-18,36.0,1.0
2013-12-25,36.0,0.0
2014-01-01,35.0,-1.0
2014-01-08,35.0,0.0
2014-01-15,35.0,0.0
2014-01-22,35.0,0.0
2014-01-29,36.0,1.0
2014-02-05,37.0,1.0
2014-02-12,38.0,1.0
2014-02-19,39.0,1.0
2014-02-26,37.0,-2.0
2014-03-05,39.0,2.0
2014-03-12,38.0,-1.0
2014-03-19,38.0,0.0
2014-03-26,37.0,-1.0
2014-04-02,36.0,-1.0
2014-04-09,35.0,-1.0
2014-04-16,35.0,0.0
2014-04-23,34.0,-1.0
2014-04-30,32.0,-2.0
2014-05-07,30.0,-2.0
2014-05-14,30.0,0.0
2014-05-21,32.0,2.0
2014-05-28,29.0,-3.0
2014-06-04,31.0,2.0
2014-06-11,32.0,1.0
2014-06-18,33.0,1.0
2014-06-25,33.0,0.0
2014-07-02,32.0,-1.0
2014-07-09,33.0,1.0
2014-07-16,34.0,1.0
2014-07-23,35.0,1.0
2014-07-30,35.0,0.0
2014-08-06,33.0,-2.0
2014-08-13,34.0,1.0
2014-08-20,32.0,-2.0
2014-08-27,32.0,0.0
2014-09-03,31.0,-1.0
2014-09-10,32.0,1.0
2014-09-17,36.0,4.0
2014-09-24,34.0,-2.0
2014-10-01,33.0,-1.0
2014-10-08,32.0,-1.0
2014-10-15,31.0,-1.0
2014-10-22,32.0,1.0
2014-10-29,30.0,-2.0
2014-11-05,30.0,0.0
2014-11-12,31.0,1.0
2014-11-19,31.0,0.0
2014-11-26,29.0,-2.0
2014-12-03,29.0,0.0
2014-12-10,30.0,1.0
2014-12-17,30.0,0.0
2014-12-24,30.0,0.0
2014-12-31,30.0,0.0
2015-01-07,30.0,0.0
2015-01-14,35.0,5.0
2015-01-21,35.0,0.0
2015-01-28,35.0,0.0
2015-02-04,33.0,-2.0
2015-02-11,34.0,1.0
2015-02-18,33.0,-1.0
2015-02-25,37.0,4.0
2015-03-04,38.0,1.0
2015-03-11,40.0,2.0
2015-03-18,42.0,2.0
2015-03-25,42.0,0.0
2015-04-01,42.0,0.0
2015-04-08,42.0,0.0
2015-04-15,41.0,-1.0
2015-04-22,39.0,-2.0
2015-04-29,38.0,-1.0
2015-05-06,37.0,-1.0
2015-05-13,33.0,-4.0
2015-05-20,34.0,1.0
2015-05-27,32.0,-2.0
2015-06-03,31.0,-1.0
2015-06-10,33.0,2.0
2015-06-17,31.0,-2.0
2015-06-24,34.0,3.0
2015-07-01,36.0,2.0
2015-07-08,37.0,1.0
2015-07-15,38.0,1.0
2015-07-22,39.0,1.0
2015-07-29,40.0,1.0
