Date,Values,Delta Calculations
2002-12-18,2.0, 
2002-12-25,2.0,0.0
2003-01-01,60.0,58.0
2003-01-08,1.0,-59.0
2003-01-15,1.0,0.0
2003-01-22,1.0,0.0
2003-01-29,2.0,1.0
2003-02-05,2.0,0.0
2003-02-12,1.0,-1.0
2003-02-19,4.0,3.0
2003-02-26,3.0,-1.0
2003-03-05,4.0,1.0
2003-03-12,7.0,3.0
2003-03-19,2.0,-5.0
2003-03-26,4.0,2.0
2003-04-02,1.0,-3.0
2003-04-09,1.0,0.0
2003-04-16,2.0,1.0
2003-04-23,9.0,7.0
2003-04-30,7.0,-2.0
2003-05-07,0.0,-7.0
2003-05-14,10.0,10.0
2003-05-21,1.0,-9.0
2003-05-28,2.0,1.0
2003-06-04,1.0,-1.0
2003-06-11,0.0,-1.0
2003-06-18,2.0,2.0
2003-06-25,0.0,-2.0
2003-07-02,7.0,7.0
2003-07-09,0.0,-7.0
2003-07-16,6.0,6.0
2003-07-23,0.0,-6.0
2003-07-30,1.0,1.0
2003-08-06,6.0,5.0
2003-08-13,1.0,-5.0
2003-08-20,26.0,25.0
2003-08-27,5.0,-21.0
2003-09-03,9.0,4.0
2003-09-10,2.0,-7.0
2003-09-17,8.0,6.0
2003-09-24,4.0,-4.0
2003-10-01,9.0,5.0
2003-10-08,7.0,-2.0
2003-10-15,7.0,0.0
2003-10-22,6.0,-1.0
2003-10-29,7.0,1.0
2003-11-05,1.0,-6.0
2003-11-12,1.0,0.0
2003-11-19,8.0,7.0
2003-11-26,4.0,-4.0
2003-12-03,2.0,-2.0
2003-12-10,1.0,-1.0
2003-12-17,2.0,1.0
2003-12-24,1.0,-1.0
2003-12-31,19.0,18.0
2004-01-07,1.0,-18.0
2004-01-14,41.0,40.0
2004-01-21,42.0,1.0
2004-01-28,14.0,-28.0
2004-02-04,10.0,-4.0
2004-02-11,1.0,-9.0
2004-02-18,17.0,16.0
2004-02-25,7.0,-10.0
2004-03-03,3.0,-4.0
2004-03-10,2.0,-1.0
2004-03-17,12.0,10.0
2004-03-24,5.0,-7.0
2004-03-31,3.0,-2.0
2004-04-07,2.0,-1.0
2004-04-14,9.0,7.0
2004-04-21,15.0,6.0
2004-04-28,13.0,-2.0
2004-05-05,5.0,-8.0
2004-05-12,3.0,-2.0
2004-05-19,16.0,13.0
2004-05-26,5.0,-11.0
2004-06-02,6.0,1.0
2004-06-09,5.0,-1.0
2004-06-16,3.0,-2.0
2004-06-23,1.0,-2.0
2004-06-30,10.0,9.0
2004-07-07,3.0,-7.0
2004-07-14,1.0,-2.0
2004-07-21,1.0,0.0
2004-07-28,1.0,0.0
2004-08-04,1.0,0.0
2004-08-11,1.0,0.0
2004-08-18,22.0,21.0
2004-08-25,18.0,-4.0
2004-09-01,19.0,1.0
2004-09-08,7.0,-12.0
2004-09-15,3.0,-4.0
2004-09-22,1.0,-2.0
2004-09-29,1.0,0.0
2004-10-06,0.0,-1.0
2004-10-13,0.0,0.0
2004-10-20,3.0,3.0
2004-10-27,6.0,3.0
2004-11-03,5.0,-1.0
2004-11-10,3.0,-2.0
2004-11-17,12.0,9.0
2004-11-24,7.0,-5.0
2004-12-01,4.0,-3.0
2004-12-08,2.0,-2.0
2004-12-15,6.0,4.0
2004-12-22,7.0,1.0
2004-12-29,2.0,-5.0
2005-01-05,2.0,0.0
2005-01-12,2.0,0.0
2005-01-19,6.0,4.0
2005-01-26,22.0,16.0
2005-02-02,17.0,-5.0
2005-02-09,10.0,-7.0
2005-02-16,13.0,3.0
2005-02-23,7.0,-6.0
2005-03-02,3.0,-4.0
2005-03-09,3.0,0.0
2005-03-16,2.0,-1.0
2005-03-23,2.0,0.0
2005-03-30,4.0,2.0
2005-04-06,4.0,0.0
2005-04-13,4.0,0.0
2005-04-20,4.0,0.0
2005-04-27,4.0,0.0
2005-05-04,4.0,0.0
2005-05-11,1.0,-3.0
2005-05-18,8.0,7.0
2005-05-25,8.0,0.0
2005-06-01,8.0,0.0
2005-06-08,2.0,-6.0
2005-06-15,4.0,2.0
2005-06-22,6.0,2.0
2005-06-29,2.0,-4.0
2005-07-06,8.0,6.0
2005-07-13,4.0,-4.0
2005-07-20,11.0,7.0
2005-07-27,5.0,-6.0
2005-08-03,3.0,-2.0
2005-08-10,3.0,0.0
2005-08-17,8.0,5.0
2005-08-24,4.0,-4.0
2005-08-31,12.0,8.0
2005-09-07,7.0,-5.0
2005-09-14,3.0,-4.0
2005-09-21,3.0,0.0
2005-09-28,2.0,-1.0
2005-10-05,6.0,4.0
2005-10-12,2.0,-4.0
2005-10-19,3.0,1.0
2005-10-26,3.0,0.0
2005-11-02,1.0,-2.0
2005-11-09,1.0,0.0
2005-11-16,10.0,9.0
2005-11-23,3.0,-7.0
2005-11-30,2.0,-1.0
2005-12-07,2.0,0.0
2005-12-14,2.0,0.0
2005-12-21,0.0,-2.0
2005-12-28,0.0,0.0
2006-01-04,0.0,0.0
2006-01-11,4.0,4.0
2006-01-18,0.0,-4.0
2006-01-25,0.0,0.0
2006-02-01,1.0,1.0
2006-02-08,2.0,1.0
2006-02-15,17.0,15.0
2006-02-22,7.0,-10.0
2006-03-01,7.0,0.0
2006-03-08,7.0,0.0
2006-03-15,2.0,-5.0
2006-03-22,1.0,-1.0
2006-03-29,0.0,-1.0
2006-04-05,0.0,0.0
2006-04-12,0.0,0.0
2006-04-19,0.0,0.0
2006-04-26,0.0,0.0
2006-05-03,6.0,6.0
2006-05-10,2.0,-4.0
2006-05-17,5.0,3.0
2006-05-24,1.0,-4.0
2006-05-31,1.0,0.0
2006-06-07,1.0,0.0
2006-06-14,0.0,-1.0
2006-06-21,1.0,1.0
2006-06-28,0.0,-1.0
2006-07-05,1.0,1.0
2006-07-12,1.0,0.0
2006-07-19,3.0,2.0
2006-07-26,7.0,4.0
2006-08-02,4.0,-3.0
2006-08-09,2.0,-2.0
2006-08-16,12.0,10.0
2006-08-23,5.0,-7.0
2006-08-30,1.0,-4.0
2006-09-06,0.0,-1.0
2006-09-13,0.0,0.0
2006-09-20,1.0,1.0
2006-09-27,0.0,-1.0
2006-10-04,0.0,0.0
2006-10-11,0.0,0.0
2006-10-18,4.0,4.0
2006-10-25,1.0,-3.0
2006-11-01,0.0,-1.0
2006-11-08,0.0,0.0
2006-11-15,10.0,10.0
2006-11-22,4.0,-6.0
2006-11-29,2.0,-2.0
2006-12-06,0.0,-2.0
2006-12-13,0.0,0.0
2006-12-20,0.0,0.0
2006-12-27,1.0,1.0
2007-01-03,8.0,7.0
2007-01-10,3.0,-5.0
2007-01-17,18.0,15.0
2007-01-24,31.0,13.0
2007-01-31,3.0,-28.0
2007-02-07,3.0,0.0
2007-02-14,1.0,-2.0
2007-02-21,7.0,6.0
2007-02-28,10.0,3.0
2007-03-07,8.0,-2.0
2007-03-14,7.0,-1.0
2007-03-21,0.0,-7.0
2007-03-28,1.0,1.0
2007-04-04,1.0,0.0
2007-04-11,1.0,0.0
2007-04-18,2.0,1.0
2007-04-25,1.0,-1.0
2007-05-02,1.0,0.0
2007-05-09,1.0,0.0
2007-05-16,9.0,8.0
2007-05-23,9.0,0.0
2007-05-30,7.0,-2.0
2007-06-06,7.0,0.0
2007-06-13,8.0,1.0
2007-06-20,7.0,-1.0
2007-06-27,6.0,-1.0
2007-07-04,8.0,2.0
2007-07-11,3.0,-5.0
2007-07-18,1.0,-2.0
2007-07-25,1.0,0.0
2007-08-01,0.0,-1.0
2007-08-08,0.0,0.0
2007-08-15,12.0,12.0
2007-08-22,6.0,-6.0
2007-08-29,2.0,-4.0
2007-09-05,7.0,5.0
2007-09-12,1.0,-6.0
2007-09-19,1.0,0.0
2007-09-26,5.0,4.0
2007-10-03,6.0,1.0
2007-10-10,14.0,8.0
2007-10-17,2.0,-12.0
2007-10-24,9.0,7.0
2007-10-31,4.0,-5.0
2007-11-07,2.0,-2.0
2007-11-14,3.0,1.0
2007-11-21,14.0,11.0
2007-11-28,12.0,-2.0
2007-12-05,27.0,15.0
2007-12-12,28.0,1.0
2007-12-19,10.0,-18.0
2007-12-26,6.0,-4.0
2008-01-02,74.0,68.0
2008-01-09,0.0,-74.0
2008-01-16,3.0,3.0
2008-01-23,13.0,10.0
2008-01-30,34.0,21.0
2008-02-06,17.0,-17.0
2008-02-13,27.0,10.0
2008-02-20,38.0,11.0
2008-02-27,20.0,-18.0
2008-03-05,11.0,-9.0
2008-03-12,13.0,2.0
2008-03-19,55.0,42.0
2008-03-26,31.0,-24.0
2008-04-02,23.0,-8.0
2008-04-09,18.0,-5.0
2008-04-16,20.0,2.0
2008-04-23,10.0,-10.0
2008-04-30,7.0,-3.0
2008-05-07,0.0,-7.0
2008-05-14,1.0,1.0
2008-05-21,30.0,29.0
2008-05-28,12.0,-18.0
2008-06-04,12.0,0.0
2008-06-11,13.0,1.0
2008-06-18,17.0,4.0
2008-06-25,0.0,-17.0
2008-07-02,6.0,6.0
2008-07-09,1.0,-5.0
2008-07-16,2.0,1.0
2008-07-23,1.0,-1.0
2008-07-30,8.0,7.0
2008-08-06,2.0,-6.0
2008-08-13,2.0,0.0
2008-08-20,10.0,8.0
2008-08-27,93.0,83.0
2008-09-03,7.0,-86.0
2008-09-10,8.0,1.0
2008-09-17,55.0,47.0
2008-09-24,15.0,-40.0
2008-10-01,5.0,-10.0
2008-10-08,10.0,5.0
2008-10-15,6.0,-4.0
2008-10-22,3.0,-3.0
2008-10-29,28.0,25.0
2008-11-05,21.0,-7.0
2008-11-12,11.0,-10.0
2008-11-19,19.0,8.0
2008-11-26,26.0,7.0
2008-12-03,16.0,-10.0
2008-12-10,18.0,2.0
2008-12-17,31.0,13.0
2008-12-24,7.0,-24.0
2008-12-31,246.0,239.0
2009-01-07,5.0,-241.0
2009-01-14,4.0,-1.0
2009-01-21,10.0,6.0
2009-01-28,16.0,6.0
2009-02-04,9.0,-7.0
2009-02-11,2.0,-7.0
2009-02-18,11.0,9.0
2009-02-25,6.0,-5.0
2009-03-04,3.0,-3.0
2009-03-11,2.0,-1.0
2009-03-18,16.0,14.0
2009-03-25,10.0,-6.0
2009-04-01,5.0,-5.0
2009-04-08,2.0,-3.0
2009-04-15,3.0,1.0
2009-04-22,5.0,2.0
2009-04-29,17.0,12.0
2009-05-06,8.0,-9.0
2009-05-13,8.0,0.0
2009-05-20,9.0,1.0
2009-05-27,13.0,4.0
2009-06-03,6.0,-7.0
2009-06-10,26.0,20.0
2009-06-17,9.0,-17.0
2009-06-24,27.0,18.0
2009-07-01,16.0,-11.0
2009-07-08,8.0,-8.0
2009-07-15,24.0,16.0
2009-07-22,10.0,-14.0
2009-07-29,3.0,-7.0
2009-08-05,1.0,-2.0
2009-08-12,4.0,3.0
2009-08-19,5.0,1.0
2009-08-26,1.0,-4.0
2009-09-02,1.0,0.0
2009-09-09,4.0,3.0
2009-09-16,5.0,1.0
2009-09-23,1.0,-4.0
2009-09-30,23.0,22.0
2009-10-07,2.0,-21.0
2009-10-14,6.0,4.0
2009-10-21,10.0,4.0
2009-10-28,8.0,-2.0
2009-11-04,3.0,-5.0
2009-11-11,3.0,0.0
2009-11-18,21.0,18.0
2009-11-25,20.0,-1.0
2009-12-02,7.0,-13.0
2009-12-09,21.0,14.0
2009-12-16,10.0,-11.0
2009-12-23,12.0,2.0
2009-12-30,10.0,-2.0
2010-01-06,16.0,6.0
2010-01-13,17.0,1.0
2010-01-20,10.0,-7.0
2010-01-27,6.0,-4.0
2010-02-03,11.0,5.0
2010-02-10,2.0,-9.0
2010-02-17,35.0,33.0
2010-02-24,5.0,-30.0
2010-03-03,10.0,5.0
2010-03-10,11.0,1.0
2010-03-17,22.0,11.0
2010-03-24,6.0,-16.0
2010-03-31,35.0,29.0
2010-04-07,28.0,-7.0
2010-04-14,1.0,-27.0
2010-04-21,15.0,14.0
2010-04-28,4.0,-11.0
2010-05-05,3.0,-1.0
2010-05-12,3.0,0.0
2010-05-19,1.0,-2.0
2010-05-26,17.0,16.0
2010-06-02,11.0,-6.0
2010-06-09,6.0,-5.0
2010-06-16,20.0,14.0
2010-06-23,9.0,-11.0
2010-06-30,36.0,27.0
2010-07-07,24.0,-12.0
2010-07-14,6.0,-18.0
2010-07-21,20.0,14.0
2010-07-28,18.0,-2.0
2010-08-04,5.0,-13.0
2010-08-11,7.0,2.0
2010-08-18,12.0,5.0
2010-08-25,21.0,9.0
2010-09-01,12.0,-9.0
2010-09-08,16.0,4.0
2010-09-15,34.0,18.0
2010-09-22,31.0,-3.0
2010-09-29,48.0,17.0
2010-10-06,19.0,-29.0
2010-10-13,2.0,-17.0
2010-10-20,10.0,8.0
2010-10-27,10.0,0.0
2010-11-03,14.0,4.0
2010-11-10,28.0,14.0
2010-11-17,26.0,-2.0
2010-11-24,22.0,-4.0
2010-12-01,24.0,2.0
2010-12-08,18.0,-6.0
2010-12-15,18.0,0.0
2010-12-22,3.0,-15.0
2010-12-29,4.0,1.0
2011-01-05,7.0,3.0
2011-01-12,2.0,-5.0
2011-01-19,5.0,3.0
2011-01-26,33.0,28.0
2011-02-02,3.0,-30.0
2011-02-09,21.0,18.0
2011-02-16,3.0,-18.0
2011-02-23,2.0,-1.0
2011-03-02,21.0,19.0
2011-03-09,10.0,-11.0
2011-03-16,2.0,-8.0
2011-03-23,5.0,3.0
2011-03-30,5.0,0.0
2011-04-06,2.0,-3.0
2011-04-13,1.0,-1.0
2011-04-20,5.0,4.0
2011-04-27,3.0,-2.0
2011-05-04,32.0,29.0
2011-05-11,3.0,-29.0
2011-05-18,3.0,0.0
2011-05-25,1.0,-2.0
2011-06-01,2.0,1.0
2011-06-08,6.0,4.0
2011-06-15,25.0,19.0
2011-06-22,3.0,-22.0
2011-06-29,3.0,0.0
2011-07-06,3.0,0.0
2011-07-13,2.0,-1.0
2011-07-20,4.0,2.0
2011-07-27,12.0,8.0
2011-08-03,2.0,-10.0
2011-08-10,4.0,2.0
2011-08-17,2.0,-2.0
2011-08-24,18.0,16.0
2011-08-31,10.0,-8.0
2011-09-07,7.0,-3.0
2011-09-14,7.0,0.0
2011-09-21,12.0,5.0
2011-09-28,13.0,1.0
2011-10-05,21.0,8.0
2011-10-12,21.0,0.0
2011-10-19,11.0,-10.0
2011-10-26,12.0,1.0
2011-11-02,10.0,-2.0
2011-11-09,3.0,-7.0
2011-11-16,3.0,0.0
2011-11-23,7.0,4.0
2011-11-30,7.0,0.0
2011-12-07,3.0,-4.0
2011-12-14,12.0,9.0
2011-12-21,42.0,30.0
2011-12-28,42.0,0.0
2012-01-04,23.0,-19.0
2012-01-11,18.0,-5.0
2012-01-18,9.0,-9.0
2012-01-25,14.0,5.0
2012-02-01,6.0,-8.0
2012-02-08,2.0,-4.0
2012-02-15,3.0,1.0
2012-02-22,1.0,-2.0
2012-02-29,2.0,1.0
2012-03-07,18.0,16.0
2012-03-14,1.0,-17.0
2012-03-21,1.0,0.0
2012-03-28,0.0,-1.0
2012-04-04,4.0,4.0
2012-04-11,3.0,-1.0
2012-04-18,2.0,-1.0
2012-04-25,14.0,12.0
2012-05-02,2.0,-12.0
2012-05-09,1.0,-1.0
2012-05-16,2.0,1.0
2012-05-23,5.0,3.0
2012-05-30,1.0,-4.0
2012-06-06,3.0,2.0
2012-06-13,9.0,6.0
2012-06-20,53.0,44.0
2012-06-27,19.0,-34.0
2012-07-04,6.0,-13.0
2012-07-11,1.0,-5.0
2012-07-18,3.0,2.0
2012-07-25,11.0,8.0
2012-08-01,25.0,14.0
2012-08-08,10.0,-15.0
2012-08-15,3.0,-7.0
2012-08-22,4.0,1.0
2012-08-29,2.0,-2.0
2012-09-05,2.0,0.0
2012-09-12,2.0,0.0
2012-09-19,2.0,0.0
2012-09-26,7.0,5.0
2012-10-03,5.0,-2.0
2012-10-10,1.0,-4.0
2012-10-17,6.0,5.0
2012-10-24,4.0,-2.0
2012-10-31,1.0,-3.0
2012-11-07,0.0,-1.0
2012-11-14,21.0,21.0
2012-11-21,5.0,-16.0
2012-11-28,2.0,-3.0
2012-12-05,1.0,-1.0
2012-12-12,1.0,0.0
2012-12-19,12.0,11.0
2012-12-26,4.0,-8.0
2013-01-02,7.0,3.0
2013-01-09,1.0,-6.0
2013-01-16,0.0,-1.0
2013-01-23,0.0,0.0
2013-01-30,15.0,15.0
2013-02-06,15.0,0.0
2013-02-13,15.0,0.0
2013-02-20,15.0,0.0
2013-02-27,23.0,8.0
2013-03-06,18.0,-5.0
2013-03-13,15.0,-3.0
2013-03-20,18.0,3.0
2013-03-27,0.0,-18.0
2013-04-03,0.0,0.0
2013-04-10,0.0,0.0
2013-04-17,1.0,1.0
2013-04-24,1.0,0.0
2013-05-01,2.0,1.0
2013-05-08,0.0,-2.0
2013-05-15,1.0,1.0
2013-05-22,2.0,1.0
2013-05-29,31.0,29.0
2013-06-05,0.0,-31.0
2013-06-12,0.0,0.0
2013-06-19,2.0,2.0
2013-06-26,1.0,-1.0
2013-07-03,3.0,2.0
2013-07-10,2.0,-1.0
2013-07-17,2.0,0.0
2013-07-24,0.0,-2.0
2013-07-31,1.0,1.0
2013-08-07,0.0,-1.0
2013-08-14,2.0,2.0
2013-08-21,8.0,6.0
2013-08-28,2.0,-6.0
2013-09-04,3.0,1.0
2013-09-11,1.0,-2.0
2013-09-18,19.0,18.0
2013-09-25,1.0,-18.0
2013-10-02,2.0,1.0
2013-10-09,1.0,-1.0
2013-10-16,1.0,0.0
2013-10-23,1.0,0.0
2013-10-30,1.0,0.0
2013-11-06,4.0,3.0
2013-11-13,1.0,-3.0
2013-11-20,1.0,0.0
2013-11-27,2.0,1.0
2013-12-04,1.0,-1.0
2013-12-11,1.0,0.0
2013-12-18,5.0,4.0
2013-12-25,4.0,-1.0
2014-01-01,8.0,4.0
2014-01-08,19.0,11.0
2014-01-15,16.0,-3.0
2014-01-22,2.0,-14.0
2014-01-29,1.0,-1.0
2014-02-05,1.0,0.0
2014-02-12,1.0,0.0
2014-02-19,3.0,2.0
2014-02-26,1.0,-2.0
2014-03-05,1.0,0.0
2014-03-12,1.0,0.0
2014-03-19,1.0,0.0
2014-03-26,1.0,0.0
2014-04-02,1.0,0.0
2014-04-09,1.0,0.0
2014-04-16,1.0,0.0
2014-04-23,1.0,0.0
2014-04-30,1.0,0.0
2014-05-07,1.0,0.0
2014-05-14,1.0,0.0
2014-05-21,1.0,0.0
2014-05-28,20.0,19.0
2014-06-04,1.0,-19.0
2014-06-11,6.0,5.0
2014-06-18,1.0,-5.0
2014-06-25,1.0,0.0
2014-07-02,1.0,0.0
2014-07-09,1.0,0.0
2014-07-16,5.0,4.0
2014-07-23,5.0,0.0
2014-07-30,5.0,0.0
2014-08-06,5.0,0.0
2014-08-13,5.0,0.0
2014-08-20,5.0,0.0
2014-08-27,5.0,0.0
2014-09-03,5.0,0.0
2014-09-10,11.0,6.0
2014-09-17,7.0,-4.0
2014-09-24,5.0,-2.0
2014-10-01,1.0,-4.0
2014-10-08,1.0,0.0
2014-10-15,2.0,1.0
2014-10-22,5.0,3.0
2014-10-29,5.0,0.0
2014-11-05,6.0,1.0
2014-11-12,7.0,1.0
2014-11-19,6.0,-1.0
2014-11-26,5.0,-1.0
2014-12-03,1.0,-4.0
2014-12-10,2.0,1.0
2014-12-17,2.0,0.0
2014-12-24,2.0,0.0
2014-12-31,2.0,0.0
2015-01-07,2.0,0.0
2015-01-14,2.0,0.0
2015-01-21,2.0,0.0
2015-01-28,2.0,0.0
2015-02-04,5.0,3.0
2015-02-11,4.0,-1.0
2015-02-18,4.0,0.0
2015-02-25,4.0,0.0
2015-03-04,3.0,-1.0
2015-03-11,3.0,0.0
2015-03-18,3.0,0.0
2015-03-25,3.0,0.0
2015-04-01,4.0,1.0
2015-04-08,3.0,-1.0
2015-04-15,3.0,0.0
2015-04-22,3.0,0.0
2015-04-29,3.0,0.0
2015-05-06,2.0,-1.0
2015-05-13,2.0,0.0
2015-05-20,3.0,1.0
2015-05-27,3.0,0.0
2015-06-03,2.0,-1.0
2015-06-10,2.0,0.0
2015-06-17,7.0,5.0
2015-06-24,2.0,-5.0
2015-07-01,4.0,2.0
2015-07-08,2.0,-2.0
2015-07-15,2.0,0.0
2015-07-22,2.0,0.0
2015-07-29,4.0,2.0
