Date,Values,Delta Calculations
2002-12-18,86.0, 
2002-12-25,87.0,1.0
2003-01-01,75.0,-12.0
2003-01-08,77.0,2.0
2003-01-15,80.0,3.0
2003-01-22,83.0,3.0
2003-01-29,75.0,-8.0
2003-02-05,78.0,3.0
2003-02-12,80.0,2.0
2003-02-19,77.0,-3.0
2003-02-26,82.0,5.0
2003-03-05,80.0,-2.0
2003-03-12,82.0,2.0
2003-03-19,86.0,4.0
2003-03-26,87.0,1.0
2003-04-02,82.0,-5.0
2003-04-09,84.0,2.0
2003-04-16,82.0,-2.0
2003-04-23,86.0,4.0
2003-04-30,84.0,-2.0
2003-05-07,86.0,2.0
2003-05-14,88.0,2.0
2003-05-21,88.0,0.0
2003-05-28,88.0,0.0
2003-06-04,87.0,-1.0
2003-06-11,90.0,3.0
2003-06-18,89.0,-1.0
2003-06-25,90.0,1.0
2003-07-02,75.0,-15.0
2003-07-09,78.0,3.0
2003-07-16,77.0,-1.0
2003-07-23,81.0,4.0
2003-07-30,82.0,1.0
2003-08-06,79.0,-3.0
2003-08-13,81.0,2.0
2003-08-20,82.0,1.0
2003-08-27,83.0,1.0
2003-09-03,81.0,-2.0
2003-09-10,83.0,2.0
2003-09-17,84.0,1.0
2003-09-24,87.0,3.0
2003-10-01,83.0,-4.0
2003-10-08,87.0,4.0
2003-10-15,89.0,2.0
2003-10-22,91.0,2.0
2003-10-29,91.0,0.0
2003-11-05,83.0,-8.0
2003-11-12,86.0,3.0
2003-11-19,85.0,-1.0
2003-11-26,87.0,2.0
2003-12-03,85.0,-2.0
2003-12-10,88.0,3.0
2003-12-17,88.0,0.0
2003-12-24,91.0,3.0
2003-12-31,76.0,-15.0
2004-01-07,79.0,3.0
2004-01-14,81.0,2.0
2004-01-21,81.0,0.0
2004-01-28,84.0,3.0
2004-02-04,79.0,-5.0
2004-02-11,82.0,3.0
2004-02-18,81.0,-1.0
2004-02-25,85.0,4.0
2004-03-03,81.0,-4.0
2004-03-10,84.0,3.0
2004-03-17,85.0,1.0
2004-03-24,88.0,3.0
2004-03-31,81.0,-7.0
2004-04-07,85.0,4.0
2004-04-14,88.0,3.0
2004-04-21,88.0,0.0
2004-04-28,90.0,2.0
2004-05-05,89.0,-1.0
2004-05-12,92.0,3.0
2004-05-19,91.0,-1.0
2004-05-26,91.0,0.0
2004-06-02,88.0,-3.0
2004-06-09,90.0,2.0
2004-06-16,89.0,-1.0
2004-06-23,94.0,5.0
2004-06-30,75.0,-19.0
2004-07-07,78.0,3.0
2004-07-14,77.0,-1.0
2004-07-21,78.0,1.0
2004-07-28,82.0,4.0
2004-08-04,80.0,-2.0
2004-08-11,82.0,2.0
2004-08-18,80.0,-2.0
2004-08-25,96.0,16.0
2004-09-01,90.0,-6.0
2004-09-08,96.0,6.0
2004-09-15,97.0,1.0
2004-09-22,98.0,1.0
2004-09-29,101.0,3.0
2004-10-06,105.0,4.0
2004-10-13,107.0,2.0
2004-10-20,108.0,1.0
2004-10-27,111.0,3.0
2004-11-03,111.0,0.0
2004-11-10,113.0,2.0
2004-11-17,112.0,-1.0
2004-11-24,118.0,6.0
2004-12-01,116.0,-2.0
2004-12-08,122.0,6.0
2004-12-15,124.0,2.0
2004-12-22,125.0,1.0
2004-12-29,129.0,4.0
2005-01-05,72.0,-57.0
2005-01-12,79.0,7.0
2005-01-19,80.0,1.0
2005-01-26,87.0,7.0
2005-02-02,83.0,-4.0
2005-02-09,85.0,2.0
2005-02-16,85.0,0.0
2005-02-23,90.0,5.0
2005-03-02,89.0,-1.0
2005-03-09,92.0,3.0
2005-03-16,92.0,0.0
2005-03-23,99.0,7.0
2005-03-30,95.0,-4.0
2005-04-06,99.0,4.0
2005-04-13,100.0,1.0
2005-04-20,103.0,3.0
2005-04-27,106.0,3.0
2005-05-04,105.0,-1.0
2005-05-11,107.0,2.0
2005-05-18,108.0,1.0
2005-05-25,114.0,6.0
2005-06-01,110.0,-4.0
2005-06-08,116.0,6.0
2005-06-15,78.0,-38.0
2005-06-22,80.0,2.0
2005-06-29,79.0,-1.0
2005-07-06,74.0,-5.0
2005-07-13,74.0,0.0
2005-07-20,74.0,0.0
2005-07-27,76.0,2.0
2005-08-03,74.0,-2.0
2005-08-10,74.0,0.0
2005-08-17,73.0,-1.0
2005-08-24,80.0,7.0
2005-08-31,76.0,-4.0
2005-09-07,76.0,0.0
2005-09-14,76.0,0.0
2005-09-21,76.0,0.0
2005-09-28,79.0,3.0
2005-10-05,80.0,1.0
2005-10-12,80.0,0.0
2005-10-19,81.0,1.0
2005-10-26,82.0,1.0
2005-11-02,83.0,1.0
2005-11-09,81.0,-2.0
2005-11-16,79.0,-2.0
2005-11-23,82.0,3.0
2005-11-30,80.0,-2.0
2005-12-07,82.0,2.0
2005-12-14,82.0,0.0
2005-12-21,82.0,0.0
2005-12-28,87.0,5.0
2006-01-04,75.0,-12.0
2006-01-11,76.0,1.0
2006-01-18,76.0,0.0
2006-01-25,81.0,5.0
2006-02-01,77.0,-4.0
2006-02-08,79.0,2.0
2006-02-15,78.0,-1.0
2006-02-22,79.0,1.0
2006-03-01,75.0,-4.0
2006-03-08,79.0,4.0
2006-03-15,78.0,-1.0
2006-03-22,79.0,1.0
2006-03-29,78.0,-1.0
2006-04-05,79.0,1.0
2006-04-12,79.0,0.0
2006-04-19,82.0,3.0
2006-04-26,81.0,-1.0
2006-05-03,80.0,-1.0
2006-05-10,80.0,0.0
2006-05-17,79.0,-1.0
2006-05-24,82.0,3.0
2006-05-31,81.0,-1.0
2006-06-07,84.0,3.0
2006-06-14,83.0,-1.0
2006-06-21,84.0,1.0
2006-06-28,84.0,0.0
2006-07-05,73.0,-11.0
2006-07-12,74.0,1.0
2006-07-19,74.0,0.0
2006-07-26,80.0,6.0
2006-08-02,75.0,-5.0
2006-08-09,75.0,0.0
2006-08-16,73.0,-2.0
2006-08-23,78.0,5.0
2006-08-30,75.0,-3.0
2006-09-06,75.0,0.0
2006-09-13,75.0,0.0
2006-09-20,74.0,-1.0
2006-09-27,79.0,5.0
2006-10-04,77.0,-2.0
2006-10-11,76.0,-1.0
2006-10-18,78.0,2.0
2006-10-25,78.0,0.0
2006-11-01,76.0,-2.0
2006-11-08,80.0,4.0
2006-11-15,87.0,7.0
2006-11-22,89.0,2.0
2006-11-29,89.0,0.0
2006-12-06,89.0,0.0
2006-12-13,88.0,-1.0
2006-12-20,88.0,0.0
2006-12-27,89.0,1.0
2007-01-03,76.0,-13.0
2007-01-10,77.0,1.0
2007-01-17,75.0,-2.0
2007-01-24,75.0,0.0
2007-01-31,78.0,3.0
2007-02-07,79.0,1.0
2007-02-14,79.0,0.0
2007-02-21,79.0,0.0
2007-02-28,80.0,1.0
2007-03-07,81.0,1.0
2007-03-14,81.0,0.0
2007-03-21,80.0,-1.0
2007-03-28,83.0,3.0
2007-04-04,83.0,0.0
2007-04-11,83.0,0.0
2007-04-18,83.0,0.0
2007-04-25,85.0,2.0
2007-05-02,85.0,0.0
2007-05-09,85.0,0.0
2007-05-16,85.0,0.0
2007-05-23,86.0,1.0
2007-05-30,89.0,3.0
2007-06-06,88.0,-1.0
2007-06-13,88.0,0.0
2007-06-20,88.0,0.0
2007-06-27,90.0,2.0
2007-07-04,77.0,-13.0
2007-07-11,78.0,1.0
2007-07-18,78.0,0.0
2007-07-25,78.0,0.0
2007-08-01,80.0,2.0
2007-08-08,82.0,2.0
2007-08-15,80.0,-2.0
2007-08-22,81.0,1.0
2007-08-29,82.0,1.0
2007-09-05,91.0,9.0
2007-09-12,94.0,3.0
2007-09-19,91.0,-3.0
2007-09-26,95.0,4.0
2007-10-03,99.0,4.0
2007-10-10,97.0,-2.0
2007-10-17,102.0,5.0
2007-10-24,98.0,-4.0
2007-10-31,104.0,6.0
2007-11-07,106.0,2.0
2007-11-14,103.0,-3.0
2007-11-21,105.0,2.0
2007-11-28,104.0,-1.0
2007-12-05,109.0,5.0
2007-12-12,108.0,-1.0
2007-12-19,109.0,1.0
2007-12-26,111.0,2.0
2008-01-02,81.0,-30.0
2008-01-09,84.0,3.0
2008-01-16,83.0,-1.0
2008-01-23,87.0,4.0
2008-01-30,85.0,-2.0
2008-02-06,86.0,1.0
2008-02-13,87.0,1.0
2008-02-20,87.0,0.0
2008-02-27,90.0,3.0
2008-03-05,91.0,1.0
2008-03-12,93.0,2.0
2008-03-19,93.0,0.0
2008-03-26,98.0,5.0
2008-04-02,96.0,-2.0
2008-04-09,96.0,0.0
2008-04-16,98.0,2.0
2008-04-23,99.0,1.0
2008-04-30,101.0,2.0
2008-05-07,103.0,2.0
2008-05-14,102.0,-1.0
2008-05-21,105.0,3.0
2008-05-28,102.0,-3.0
2008-06-04,100.0,-2.0
2008-06-11,99.0,-1.0
2008-06-18,100.0,1.0
2008-06-25,102.0,2.0
2008-07-02,80.0,-22.0
2008-07-09,79.0,-1.0
2008-07-16,80.0,1.0
2008-07-23,84.0,4.0
2008-07-30,83.0,-1.0
2008-08-06,87.0,4.0
2008-08-13,84.0,-3.0
2008-08-20,88.0,4.0
2008-08-27,86.0,-2.0
2008-09-03,90.0,4.0
2008-09-10,88.0,-2.0
2008-09-17,89.0,1.0
2008-09-24,91.0,2.0
2008-10-01,87.0,-4.0
2008-10-08,94.0,7.0
2008-10-15,89.0,-5.0
2008-10-22,107.0,18.0
2008-10-29,100.0,-7.0
2008-11-05,115.0,15.0
2008-11-12,101.0,-14.0
2008-11-19,118.0,17.0
2008-11-26,109.0,-9.0
2008-12-03,124.0,15.0
2008-12-10,109.0,-15.0
2008-12-17,114.0,5.0
2008-12-24,108.0,-6.0
2008-12-31,84.0,-24.0
2009-01-07,81.0,-3.0
2009-01-14,83.0,2.0
2009-01-21,89.0,6.0
2009-01-28,91.0,2.0
2009-02-04,91.0,0.0
2009-02-11,92.0,1.0
2009-02-18,91.0,-1.0
2009-02-25,97.0,6.0
2009-03-04,96.0,-1.0
2009-03-11,98.0,2.0
2009-03-18,98.0,0.0
2009-03-25,104.0,6.0
2009-04-01,99.0,-5.0
2009-04-08,108.0,9.0
2009-04-15,104.0,-4.0
2009-04-22,111.0,7.0
2009-04-29,107.0,-4.0
2009-05-06,113.0,6.0
2009-05-13,107.0,-6.0
2009-05-20,113.0,6.0
2009-05-27,117.0,4.0
2009-06-03,118.0,1.0
2009-06-10,112.0,-6.0
2009-06-17,117.0,5.0
2009-06-24,117.0,0.0
2009-07-01,89.0,-28.0
2009-07-08,91.0,2.0
2009-07-15,89.0,-2.0
2009-07-22,91.0,2.0
2009-07-29,93.0,2.0
2009-08-05,92.0,-1.0
2009-08-12,89.0,-3.0
2009-08-19,94.0,5.0
2009-08-26,96.0,2.0
2009-09-02,97.0,1.0
2009-09-09,97.0,0.0
2009-09-16,97.0,0.0
2009-09-23,103.0,6.0
2009-09-30,105.0,2.0
2009-10-07,109.0,4.0
2009-10-14,102.0,-7.0
2009-10-21,111.0,9.0
2009-10-28,104.0,-7.0
2009-11-04,112.0,8.0
2009-11-11,111.0,-1.0
2009-11-18,113.0,2.0
2009-11-25,111.0,-2.0
2009-12-02,117.0,6.0
2009-12-09,112.0,-5.0
2009-12-16,283.0,171.0
2009-12-23,162.0,-121.0
2009-12-30,143.0,-19.0
2010-01-06,97.0,-46.0
2010-01-13,247.0,150.0
2010-01-20,163.0,-84.0
2010-01-27,120.0,-43.0
2010-02-03,111.0,-9.0
2010-02-10,239.0,128.0
2010-02-17,136.0,-103.0
2010-02-24,137.0,1.0
2010-03-03,111.0,-26.0
2010-03-10,150.0,39.0
2010-03-17,126.0,-24.0
2010-03-24,123.0,-3.0
2010-03-31,116.0,-7.0
2010-04-07,119.0,3.0
2010-04-14,159.0,40.0
2010-04-21,151.0,-8.0
2010-04-28,140.0,-11.0
2010-05-05,144.0,4.0
2010-05-12,160.0,16.0
2010-05-19,155.0,-5.0
2010-05-26,144.0,-11.0
2010-06-02,139.0,-5.0
2010-06-09,134.0,-5.0
2010-06-16,161.0,27.0
2010-06-23,147.0,-14.0
2010-06-30,115.0,-32.0
2010-07-07,112.0,-3.0
2010-07-14,169.0,57.0
2010-07-21,116.0,-53.0
2010-07-28,120.0,4.0
2010-08-04,124.0,4.0
2010-08-11,163.0,39.0
2010-08-18,109.0,-54.0
2010-08-25,113.0,4.0
2010-09-01,109.0,-4.0
2010-09-08,116.0,7.0
2010-09-15,113.0,-3.0
2010-09-22,118.0,5.0
2010-09-29,115.0,-3.0
2010-10-06,123.0,8.0
2010-10-13,118.0,-5.0
2010-10-20,124.0,6.0
2010-10-27,120.0,-4.0
2010-11-03,126.0,6.0
2010-11-10,121.0,-5.0
2010-11-17,128.0,7.0
2010-11-24,125.0,-3.0
2010-12-01,125.0,0.0
2010-12-08,130.0,5.0
2010-12-15,131.0,1.0
2010-12-22,129.0,-2.0
2010-12-29,131.0,2.0
2011-01-05,102.0,-29.0
2011-01-12,104.0,2.0
2011-01-19,107.0,3.0
2011-01-26,98.0,-9.0
2011-02-02,100.0,2.0
2011-02-09,101.0,1.0
2011-02-16,101.0,0.0
2011-02-23,104.0,3.0
2011-03-02,104.0,0.0
2011-03-09,106.0,2.0
2011-03-16,106.0,0.0
2011-03-23,110.0,4.0
2011-03-30,111.0,1.0
2011-04-06,112.0,1.0
2011-04-13,110.0,-2.0
2011-04-20,115.0,5.0
2011-04-27,113.0,-2.0
2011-05-04,117.0,4.0
2011-05-11,115.0,-2.0
2011-05-18,119.0,4.0
2011-05-25,120.0,1.0
2011-06-01,117.0,-3.0
2011-06-08,122.0,5.0
2011-06-15,124.0,2.0
2011-06-22,122.0,-2.0
2011-06-29,129.0,7.0
2011-07-06,99.0,-30.0
2011-07-13,99.0,0.0
2011-07-20,101.0,2.0
2011-07-27,107.0,6.0
2011-08-03,104.0,-3.0
2011-08-10,106.0,2.0
2011-08-17,109.0,3.0
2011-08-24,114.0,5.0
2011-08-31,111.0,-3.0
2011-09-07,115.0,4.0
2011-09-14,109.0,-6.0
2011-09-21,119.0,10.0
2011-09-28,113.0,-6.0
2011-10-05,120.0,7.0
2011-10-12,114.0,-6.0
2011-10-19,127.0,13.0
2011-10-26,120.0,-7.0
2011-11-02,124.0,4.0
2011-11-09,121.0,-3.0
2011-11-16,127.0,6.0
2011-11-23,126.0,-1.0
2011-11-30,128.0,2.0
2011-12-07,129.0,1.0
2011-12-14,148.0,19.0
2011-12-21,140.0,-8.0
2011-12-28,149.0,9.0
2012-01-04,105.0,-44.0
2012-01-11,166.0,61.0
2012-01-18,126.0,-40.0
2012-01-25,121.0,-5.0
2012-02-01,144.0,23.0
2012-02-08,152.0,8.0
2012-02-15,157.0,5.0
2012-02-22,161.0,4.0
2012-02-29,141.0,-20.0
2012-03-07,144.0,3.0
2012-03-14,157.0,13.0
2012-03-21,158.0,1.0
2012-03-28,155.0,-3.0
2012-04-04,154.0,-1.0
2012-04-11,153.0,-1.0
2012-04-18,171.0,18.0
2012-04-25,165.0,-6.0
2012-05-02,158.0,-7.0
2012-05-09,157.0,-1.0
2012-05-16,172.0,15.0
2012-05-23,175.0,3.0
2012-05-30,168.0,-7.0
2012-06-06,167.0,-1.0
2012-06-13,272.0,105.0
2012-06-20,198.0,-74.0
2012-06-27,178.0,-20.0
2012-07-04,127.0,-51.0
2012-07-11,133.0,6.0
2012-07-18,152.0,19.0
2012-07-25,146.0,-6.0
2012-08-01,137.0,-9.0
2012-08-08,147.0,10.0
2012-08-15,154.0,7.0
2012-08-22,157.0,3.0
2012-08-29,156.0,-1.0
2012-09-05,155.0,-1.0
2012-09-12,153.0,-2.0
2012-09-19,167.0,14.0
2012-09-26,164.0,-3.0
2012-10-03,204.0,40.0
2012-10-10,199.0,-5.0
2012-10-17,231.0,32.0
2012-10-24,213.0,-18.0
2012-10-31,204.0,-9.0
2012-11-07,207.0,3.0
2012-11-14,409.0,202.0
2012-11-21,255.0,-154.0
2012-11-28,225.0,-30.0
2012-12-05,223.0,-2.0
2012-12-12,438.0,215.0
2012-12-19,247.0,-191.0
2012-12-26,237.0,-10.0
2013-01-02,181.0,-56.0
2013-01-09,194.0,13.0
2013-01-16,226.0,32.0
2013-01-23,231.0,5.0
2013-01-30,212.0,-19.0
2013-02-06,171.0,-41.0
2013-02-13,209.0,38.0
2013-02-20,207.0,-2.0
2013-02-27,187.0,-20.0
2013-03-06,203.0,16.0
2013-03-13,259.0,56.0
2013-03-20,253.0,-6.0
2013-03-27,217.0,-36.0
2013-04-03,205.0,-12.0
2013-04-10,211.0,6.0
2013-04-17,250.0,39.0
2013-04-24,226.0,-24.0
2013-05-01,215.0,-11.0
2013-05-08,220.0,5.0
2013-05-15,255.0,35.0
2013-05-22,244.0,-11.0
2013-05-29,239.0,-5.0
2013-06-05,165.0,-74.0
2013-06-12,174.0,9.0
2013-06-19,196.0,22.0
2013-06-26,179.0,-17.0
2013-07-03,143.0,-36.0
2013-07-10,154.0,11.0
2013-07-17,158.0,4.0
2013-07-24,161.0,3.0
2013-07-31,176.0,15.0
2013-08-07,181.0,5.0
2013-08-14,234.0,53.0
2013-08-21,198.0,-36.0
2013-08-28,192.0,-6.0
2013-09-04,190.0,-2.0
2013-09-11,196.0,6.0
2013-09-18,206.0,10.0
2013-09-25,204.0,-2.0
2013-10-02,225.0,21.0
2013-10-09,229.0,4.0
2013-10-16,264.0,35.0
2013-10-23,245.0,-19.0
2013-10-30,250.0,5.0
2013-11-06,213.0,-37.0
2013-11-13,304.0,91.0
2013-11-20,226.0,-78.0
2013-11-27,229.0,3.0
2013-12-04,188.0,-41.0
2013-12-11,290.0,102.0
2013-12-18,199.0,-91.0
2013-12-25,198.0,-1.0
2014-01-01,151.0,-47.0
2014-01-08,154.0,3.0
2014-01-15,161.0,7.0
2014-01-22,153.0,-8.0
2014-01-29,153.0,0.0
2014-02-05,159.0,6.0
2014-02-12,161.0,2.0
2014-02-19,190.0,29.0
2014-02-26,175.0,-15.0
2014-03-05,156.0,-19.0
2014-03-12,162.0,6.0
2014-03-19,171.0,9.0
2014-03-26,167.0,-4.0
2014-04-02,152.0,-15.0
2014-04-09,144.0,-8.0
2014-04-16,176.0,32.0
2014-04-23,159.0,-17.0
2014-04-30,155.0,-4.0
2014-05-07,158.0,3.0
2014-05-14,178.0,20.0
2014-05-21,169.0,-9.0
2014-05-28,172.0,3.0
2014-06-04,174.0,2.0
2014-06-11,182.0,8.0
2014-06-18,186.0,4.0
2014-06-25,191.0,5.0
2014-07-02,142.0,-49.0
2014-07-09,149.0,7.0
2014-07-16,159.0,10.0
2014-07-23,164.0,5.0
2014-07-30,165.0,1.0
2014-08-06,148.0,-17.0
2014-08-13,158.0,10.0
2014-08-20,157.0,-1.0
2014-08-27,157.0,0.0
2014-09-03,166.0,9.0
2014-09-10,167.0,1.0
2014-09-17,179.0,12.0
2014-09-24,177.0,-2.0
2014-10-01,158.0,-19.0
2014-10-08,168.0,10.0
2014-10-15,187.0,19.0
2014-10-22,179.0,-8.0
2014-10-29,186.0,7.0
2014-11-05,171.0,-15.0
2014-11-12,179.0,8.0
2014-11-19,183.0,4.0
2014-11-26,186.0,3.0
2014-12-03,166.0,-20.0
2014-12-10,175.0,9.0
2014-12-17,176.0,1.0
2014-12-24,180.0,4.0
2014-12-31,123.0,-57.0
2015-01-07,131.0,8.0
2015-01-14,177.0,46.0
2015-01-21,158.0,-19.0
2015-01-28,149.0,-9.0
2015-02-04,132.0,-17.0
2015-02-11,134.0,2.0
2015-02-18,146.0,12.0
2015-02-25,141.0,-5.0
2015-03-04,135.0,-6.0
2015-03-11,139.0,4.0
2015-03-18,149.0,10.0
2015-03-25,143.0,-6.0
2015-04-01,141.0,-2.0
2015-04-08,150.0,9.0
2015-04-15,176.0,26.0
2015-04-22,197.0,21.0
2015-04-29,174.0,-23.0
2015-05-06,163.0,-11.0
2015-05-13,244.0,81.0
2015-05-20,189.0,-55.0
2015-05-27,177.0,-12.0
2015-06-03,170.0,-7.0
2015-06-10,178.0,8.0
2015-06-17,182.0,4.0
2015-06-24,188.0,6.0
2015-07-01,126.0,-62.0
2015-07-08,143.0,17.0
2015-07-15,172.0,29.0
2015-07-22,159.0,-13.0
2015-07-29,160.0,1.0
