Date,Values,Delta Calculations
2002-12-18,34.0, 
2002-12-25,34.0,0.0
2003-01-01,33.0,-1.0
2003-01-08,32.0,-1.0
2003-01-15,37.0,5.0
2003-01-22,39.0,2.0
2003-01-29,39.0,0.0
2003-02-05,40.0,1.0
2003-02-12,40.0,0.0
2003-02-19,38.0,-2.0
2003-02-26,37.0,-1.0
2003-03-05,38.0,1.0
2003-03-12,39.0,1.0
2003-03-19,39.0,0.0
2003-03-26,41.0,2.0
2003-04-02,40.0,-1.0
2003-04-09,39.0,-1.0
2003-04-16,39.0,0.0
2003-04-23,39.0,0.0
2003-04-30,37.0,-2.0
2003-05-07,37.0,0.0
2003-05-14,34.0,-3.0
2003-05-21,35.0,1.0
2003-05-28,32.0,-3.0
2003-06-04,33.0,1.0
2003-06-11,37.0,4.0
2003-06-18,36.0,-1.0
2003-06-25,32.0,-4.0
2003-07-02,31.0,-1.0
2003-07-09,32.0,1.0
2003-07-16,32.0,0.0
2003-07-23,30.0,-2.0
2003-07-30,30.0,0.0
2003-08-06,30.0,0.0
2003-08-13,33.0,3.0
2003-08-20,33.0,0.0
2003-08-27,35.0,2.0
2003-09-03,31.0,-4.0
2003-09-10,33.0,2.0
2003-09-17,33.0,0.0
2003-09-24,34.0,1.0
2003-10-01,36.0,2.0
2003-10-08,39.0,3.0
2003-10-15,38.0,-1.0
2003-10-22,36.0,-2.0
2003-10-29,37.0,1.0
2003-11-05,34.0,-3.0
2003-11-12,34.0,0.0
2003-11-19,33.0,-1.0
2003-11-26,32.0,-1.0
2003-12-03,32.0,0.0
2003-12-10,35.0,3.0
2003-12-17,34.0,-1.0
2003-12-24,33.0,-1.0
2003-12-31,30.0,-3.0
2004-01-07,29.0,-1.0
2004-01-14,31.0,2.0
2004-01-21,32.0,1.0
2004-01-28,32.0,0.0
2004-02-04,34.0,2.0
2004-02-11,40.0,6.0
2004-02-18,39.0,-1.0
2004-02-25,39.0,0.0
2004-03-03,39.0,0.0
2004-03-10,39.0,0.0
2004-03-17,39.0,0.0
2004-03-24,39.0,0.0
2004-03-31,39.0,0.0
2004-04-07,36.0,-3.0
2004-04-14,36.0,0.0
2004-04-21,37.0,1.0
2004-04-28,34.0,-3.0
2004-05-05,33.0,-1.0
2004-05-12,33.0,0.0
2004-05-19,35.0,2.0
2004-05-26,30.0,-5.0
2004-06-02,27.0,-3.0
2004-06-09,25.0,-2.0
2004-06-16,26.0,1.0
2004-06-23,30.0,4.0
2004-06-30,31.0,1.0
2004-07-07,29.0,-2.0
2004-07-14,29.0,0.0
2004-07-21,30.0,1.0
2004-07-28,32.0,2.0
2004-08-04,34.0,2.0
2004-08-11,40.0,6.0
2004-08-18,39.0,-1.0
2004-08-25,37.0,-2.0
2004-09-01,40.0,3.0
2004-09-08,38.0,-2.0
2004-09-15,36.0,-2.0
2004-09-22,42.0,6.0
2004-09-29,43.0,1.0
2004-10-06,45.0,2.0
2004-10-13,44.0,-1.0
2004-10-20,44.0,0.0
2004-10-27,45.0,1.0
2004-11-03,46.0,1.0
2004-11-10,43.0,-3.0
2004-11-17,46.0,3.0
2004-11-24,47.0,1.0
2004-12-01,43.0,-4.0
2004-12-08,43.0,0.0
2004-12-15,42.0,-1.0
2004-12-22,39.0,-3.0
2004-12-29,42.0,3.0
2005-01-05,43.0,1.0
2005-01-12,46.0,3.0
2005-01-19,46.0,0.0
2005-01-26,48.0,2.0
2005-02-02,48.0,0.0
2005-02-09,53.0,5.0
2005-02-16,53.0,0.0
2005-02-23,52.0,-1.0
2005-03-02,52.0,0.0
2005-03-09,51.0,-1.0
2005-03-16,51.0,0.0
2005-03-23,49.0,-2.0
2005-03-30,45.0,-4.0
2005-04-06,47.0,2.0
2005-04-13,44.0,-3.0
2005-04-20,41.0,-3.0
2005-04-27,36.0,-5.0
2005-05-04,36.0,0.0
2005-05-11,34.0,-2.0
2005-05-18,33.0,-1.0
2005-05-25,35.0,2.0
2005-06-01,36.0,1.0
2005-06-08,35.0,-1.0
2005-06-15,38.0,3.0
2005-06-22,35.0,-3.0
2005-06-29,35.0,0.0
2005-07-06,33.0,-2.0
2005-07-13,34.0,1.0
2005-07-20,35.0,1.0
2005-07-27,34.0,-1.0
2005-08-03,35.0,1.0
2005-08-10,34.0,-1.0
2005-08-17,34.0,0.0
2005-08-24,36.0,2.0
2005-08-31,37.0,1.0
2005-09-07,39.0,2.0
2005-09-14,41.0,2.0
2005-09-21,50.0,9.0
2005-09-28,55.0,5.0
2005-10-05,53.0,-2.0
2005-10-12,53.0,0.0
2005-10-19,53.0,0.0
2005-10-26,53.0,0.0
2005-11-02,52.0,-1.0
2005-11-09,52.0,0.0
2005-11-16,54.0,2.0
2005-11-23,52.0,-2.0
2005-11-30,51.0,-1.0
2005-12-07,49.0,-2.0
2005-12-14,47.0,-2.0
2005-12-21,46.0,-1.0
2005-12-28,47.0,1.0
2006-01-04,49.0,2.0
2006-01-11,50.0,1.0
2006-01-18,51.0,1.0
2006-01-25,55.0,4.0
2006-02-01,56.0,1.0
2006-02-08,61.0,5.0
2006-02-15,70.0,9.0
2006-02-22,70.0,0.0
2006-03-01,70.0,0.0
2006-03-08,67.0,-3.0
2006-03-15,66.0,-1.0
2006-03-22,68.0,2.0
2006-03-29,70.0,2.0
2006-04-05,70.0,0.0
2006-04-12,65.0,-5.0
2006-04-19,65.0,0.0
2006-04-26,66.0,1.0
2006-05-03,55.0,-11.0
2006-05-10,54.0,-1.0
2006-05-17,53.0,-1.0
2006-05-24,51.0,-2.0
2006-05-31,53.0,2.0
2006-06-07,47.0,-6.0
2006-06-14,45.0,-2.0
2006-06-21,44.0,-1.0
2006-06-28,40.0,-4.0
2006-07-05,40.0,0.0
2006-07-12,37.0,-3.0
2006-07-19,37.0,0.0
2006-07-26,36.0,-1.0
2006-08-02,38.0,2.0
2006-08-09,39.0,1.0
2006-08-16,41.0,2.0
2006-08-23,45.0,4.0
2006-08-30,45.0,0.0
2006-09-06,47.0,2.0
2006-09-13,49.0,2.0
2006-09-20,51.0,2.0
2006-09-27,49.0,-2.0
2006-10-04,47.0,-2.0
2006-10-11,46.0,-1.0
2006-10-18,49.0,3.0
2006-10-25,45.0,-4.0
2006-11-01,46.0,1.0
2006-11-08,44.0,-2.0
2006-11-15,44.0,0.0
2006-11-22,42.0,-2.0
2006-11-29,43.0,1.0
2006-12-06,48.0,5.0
2006-12-13,51.0,3.0
2006-12-20,51.0,0.0
2006-12-27,48.0,-3.0
2007-01-03,49.0,1.0
2007-01-10,54.0,5.0
2007-01-17,61.0,7.0
2007-01-24,66.0,5.0
2007-01-31,73.0,7.0
2007-02-07,69.0,-4.0
2007-02-14,67.0,-2.0
2007-02-21,65.0,-2.0
2007-02-28,69.0,4.0
2007-03-07,66.0,-3.0
2007-03-14,61.0,-5.0
2007-03-21,61.0,0.0
2007-03-28,60.0,-1.0
2007-04-04,60.0,0.0
2007-04-11,63.0,3.0
2007-04-18,69.0,6.0
2007-04-25,67.0,-2.0
2007-05-02,71.0,4.0
2007-05-09,65.0,-6.0
2007-05-16,61.0,-4.0
2007-05-23,56.0,-5.0
2007-05-30,52.0,-4.0
2007-06-06,51.0,-1.0
2007-06-13,54.0,3.0
2007-06-20,51.0,-3.0
2007-06-27,49.0,-2.0
2007-07-04,50.0,1.0
2007-07-11,46.0,-4.0
2007-07-18,49.0,3.0
2007-07-25,55.0,6.0
2007-08-01,57.0,2.0
2007-08-08,55.0,-2.0
2007-08-15,54.0,-1.0
2007-08-22,56.0,2.0
2007-08-29,56.0,0.0
2007-09-05,57.0,1.0
2007-09-12,62.0,5.0
2007-09-19,63.0,1.0
2007-09-26,61.0,-2.0
2007-10-03,62.0,1.0
2007-10-10,62.0,0.0
2007-10-17,65.0,3.0
2007-10-24,68.0,3.0
2007-10-31,70.0,2.0
2007-11-07,66.0,-4.0
2007-11-14,65.0,-1.0
2007-11-21,63.0,-2.0
2007-11-28,59.0,-4.0
2007-12-05,59.0,0.0
2007-12-12,59.0,0.0
2007-12-19,56.0,-3.0
2007-12-26,54.0,-2.0
2008-01-02,54.0,0.0
2008-01-09,53.0,-1.0
2008-01-16,58.0,5.0
2008-01-23,61.0,3.0
2008-01-30,63.0,2.0
2008-02-06,67.0,4.0
2008-02-13,66.0,-1.0
2008-02-20,63.0,-3.0
2008-02-27,63.0,0.0
2008-03-05,63.0,0.0
2008-03-12,66.0,3.0
2008-03-19,61.0,-5.0
2008-03-26,65.0,4.0
2008-04-02,67.0,2.0
2008-04-09,67.0,0.0
2008-04-16,67.0,0.0
2008-04-23,66.0,-1.0
2008-04-30,67.0,1.0
2008-05-07,68.0,1.0
2008-05-14,66.0,-2.0
2008-05-21,64.0,-2.0
2008-05-28,62.0,-2.0
2008-06-04,61.0,-1.0
2008-06-11,58.0,-3.0
2008-06-18,57.0,-1.0
2008-06-25,57.0,0.0
2008-07-02,56.0,-1.0
2008-07-09,55.0,-1.0
2008-07-16,59.0,4.0
2008-07-23,58.0,-1.0
2008-07-30,63.0,5.0
2008-08-06,62.0,-1.0
2008-08-13,63.0,1.0
2008-08-20,65.0,2.0
2008-08-27,66.0,1.0
2008-09-03,69.0,3.0
2008-09-10,73.0,4.0
2008-09-17,74.0,1.0
2008-09-24,73.0,-1.0
2008-10-01,74.0,1.0
2008-10-08,73.0,-1.0
2008-10-15,76.0,3.0
2008-10-22,78.0,2.0
2008-10-29,76.0,-2.0
2008-11-05,77.0,1.0
2008-11-12,77.0,0.0
2008-11-19,77.0,0.0
2008-11-26,76.0,-1.0
2008-12-03,73.0,-3.0
2008-12-10,76.0,3.0
2008-12-17,76.0,0.0
2008-12-24,75.0,-1.0
2008-12-31,76.0,1.0
2009-01-07,74.0,-2.0
2009-01-14,76.0,2.0
2009-01-21,79.0,3.0
2009-01-28,85.0,6.0
2009-02-04,85.0,0.0
2009-02-11,83.0,-2.0
2009-02-18,84.0,1.0
2009-02-25,83.0,-1.0
2009-03-04,82.0,-1.0
2009-03-11,82.0,0.0
2009-03-18,80.0,-2.0
2009-03-25,81.0,1.0
2009-04-01,79.0,-2.0
2009-04-08,77.0,-2.0
2009-04-15,83.0,6.0
2009-04-22,85.0,2.0
2009-04-29,84.0,-1.0
2009-05-06,88.0,4.0
2009-05-13,86.0,-2.0
2009-05-20,82.0,-4.0
2009-05-27,80.0,-2.0
2009-06-03,75.0,-5.0
2009-06-10,72.0,-3.0
2009-06-17,72.0,0.0
2009-06-24,72.0,0.0
2009-07-01,70.0,-2.0
2009-07-08,68.0,-2.0
2009-07-15,70.0,2.0
2009-07-22,73.0,3.0
2009-07-29,75.0,2.0
2009-08-05,78.0,3.0
2009-08-12,74.0,-4.0
2009-08-19,74.0,0.0
2009-08-26,72.0,-2.0
2009-09-02,74.0,2.0
2009-09-09,74.0,0.0
2009-09-16,73.0,-1.0
2009-09-23,75.0,2.0
2009-09-30,76.0,1.0
2009-10-07,76.0,0.0
2009-10-14,77.0,1.0
2009-10-21,79.0,2.0
2009-10-28,83.0,4.0
2009-11-04,83.0,0.0
2009-11-11,78.0,-5.0
2009-11-18,79.0,1.0
2009-11-25,78.0,-1.0
2009-12-02,77.0,-1.0
2009-12-09,78.0,1.0
2009-12-16,77.0,-1.0
2009-12-23,76.0,-1.0
2009-12-30,77.0,1.0
2010-01-06,77.0,0.0
2010-01-13,81.0,4.0
2010-01-20,82.0,1.0
2010-01-27,85.0,3.0
2010-02-03,83.0,-2.0
2010-02-10,82.0,-1.0
2010-02-17,82.0,0.0
2010-02-24,83.0,1.0
2010-03-03,83.0,0.0
2010-03-10,82.0,-1.0
2010-03-17,81.0,-1.0
2010-03-24,81.0,0.0
2010-03-31,79.0,-2.0
2010-04-07,78.0,-1.0
2010-04-14,77.0,-1.0
2010-04-21,81.0,4.0
2010-04-28,82.0,1.0
2010-05-05,80.0,-2.0
2010-05-12,81.0,1.0
2010-05-19,79.0,-2.0
2010-05-26,76.0,-3.0
2010-06-02,76.0,0.0
2010-06-09,75.0,-1.0
2010-06-16,75.0,0.0
2010-06-23,74.0,-1.0
2010-06-30,73.0,-1.0
2010-07-07,71.0,-2.0
2010-07-14,69.0,-2.0
2010-07-21,71.0,2.0
2010-07-28,72.0,1.0
2010-08-04,69.0,-3.0
2010-08-11,68.0,-1.0
2010-08-18,69.0,1.0
2010-08-25,70.0,1.0
2010-09-01,70.0,0.0
2010-09-08,69.0,-1.0
2010-09-15,68.0,-1.0
2010-09-22,69.0,1.0
2010-09-29,71.0,2.0
2010-10-06,71.0,0.0
2010-10-13,73.0,2.0
2010-10-20,77.0,4.0
2010-10-27,78.0,1.0
2010-11-03,80.0,2.0
2010-11-10,81.0,1.0
2010-11-17,78.0,-3.0
2010-11-24,70.0,-8.0
2010-12-01,68.0,-2.0
2010-12-08,72.0,4.0
2010-12-15,71.0,-1.0
2010-12-22,70.0,-1.0
2010-12-29,68.0,-2.0
2011-01-05,70.0,2.0
2011-01-12,71.0,1.0
2011-01-19,72.0,1.0
2011-01-26,78.0,6.0
2011-02-02,77.0,-1.0
2011-02-09,75.0,-2.0
2011-02-16,75.0,0.0
2011-02-23,76.0,1.0
2011-03-02,77.0,1.0
2011-03-09,79.0,2.0
2011-03-16,81.0,2.0
2011-03-23,81.0,0.0
2011-03-30,82.0,1.0
2011-04-06,85.0,3.0
2011-04-13,82.0,-3.0
2011-04-20,85.0,3.0
2011-04-27,86.0,1.0
2011-05-04,83.0,-3.0
2011-05-11,81.0,-2.0
2011-05-18,79.0,-2.0
2011-05-25,78.0,-1.0
2011-06-01,78.0,0.0
2011-06-08,74.0,-4.0
2011-06-15,72.0,-2.0
2011-06-22,69.0,-3.0
2011-06-29,68.0,-1.0
2011-07-06,66.0,-2.0
2011-07-13,64.0,-2.0
2011-07-20,72.0,8.0
2011-07-27,73.0,1.0
2011-08-03,68.0,-5.0
2011-08-10,69.0,1.0
2011-08-17,69.0,0.0
2011-08-24,72.0,3.0
2011-08-31,72.0,0.0
2011-09-07,72.0,0.0
2011-09-14,73.0,1.0
2011-09-21,74.0,1.0
2011-09-28,78.0,4.0
2011-10-05,82.0,4.0
2011-10-12,82.0,0.0
2011-10-19,86.0,4.0
2011-10-26,86.0,0.0
2011-11-02,84.0,-2.0
2011-11-09,86.0,2.0
2011-11-16,85.0,-1.0
2011-11-23,79.0,-6.0
2011-11-30,80.0,1.0
2011-12-07,81.0,1.0
2011-12-14,80.0,-1.0
2011-12-21,80.0,0.0
2011-12-28,81.0,1.0
2012-01-04,79.0,-2.0
2012-01-11,84.0,5.0
2012-01-18,90.0,6.0
2012-01-25,96.0,6.0
2012-02-01,102.0,6.0
2012-02-08,107.0,5.0
2012-02-15,108.0,1.0
2012-02-22,114.0,6.0
2012-02-29,119.0,5.0
2012-03-07,119.0,0.0
2012-03-14,118.0,-1.0
2012-03-21,116.0,-2.0
2012-03-28,116.0,0.0
2012-04-04,112.0,-4.0
2012-04-11,112.0,0.0
2012-04-18,108.0,-4.0
2012-04-25,108.0,0.0
2012-05-02,108.0,0.0
2012-05-09,108.0,0.0
2012-05-16,107.0,-1.0
2012-05-23,104.0,-3.0
2012-05-30,100.0,-4.0
2012-06-06,98.0,-2.0
2012-06-13,94.0,-4.0
2012-06-20,92.0,-2.0
2012-06-27,91.0,-1.0
2012-07-04,87.0,-4.0
2012-07-11,85.0,-2.0
2012-07-18,84.0,-1.0
2012-07-25,84.0,0.0
2012-08-01,85.0,1.0
2012-08-08,85.0,0.0
2012-08-15,88.0,3.0
2012-08-22,92.0,4.0
2012-08-29,93.0,1.0
2012-09-05,95.0,2.0
2012-09-12,95.0,0.0
2012-09-19,100.0,5.0
2012-09-26,102.0,2.0
2012-10-03,105.0,3.0
2012-10-10,105.0,0.0
2012-10-17,107.0,2.0
2012-10-24,109.0,2.0
2012-10-31,107.0,-2.0
2012-11-07,103.0,-4.0
2012-11-14,100.0,-3.0
2012-11-21,93.0,-7.0
2012-11-28,90.0,-3.0
2012-12-05,92.0,2.0
2012-12-12,92.0,0.0
2012-12-19,93.0,1.0
2012-12-26,93.0,0.0
2013-01-02,89.0,-4.0
2013-01-09,90.0,1.0
2013-01-16,94.0,4.0
2013-01-23,96.0,2.0
2013-01-30,98.0,2.0
2013-02-06,100.0,2.0
2013-02-13,102.0,2.0
2013-02-20,103.0,1.0
2013-02-27,102.0,-1.0
2013-03-06,104.0,2.0
2013-03-13,106.0,2.0
2013-03-20,106.0,0.0
2013-03-27,106.0,0.0
2013-04-03,105.0,-1.0
2013-04-10,106.0,1.0
2013-04-17,104.0,-2.0
2013-04-24,102.0,-2.0
2013-05-01,101.0,-1.0
2013-05-08,100.0,-1.0
2013-05-15,97.0,-3.0
2013-05-22,95.0,-2.0
2013-05-29,92.0,-3.0
2013-06-05,89.0,-3.0
2013-06-12,89.0,0.0
2013-06-19,87.0,-2.0
2013-06-26,87.0,0.0
2013-07-03,84.0,-3.0
2013-07-10,85.0,1.0
2013-07-17,86.0,1.0
2013-07-24,84.0,-2.0
2013-07-31,84.0,0.0
2013-08-07,85.0,1.0
2013-08-14,85.0,0.0
2013-08-21,85.0,0.0
2013-08-28,87.0,2.0
2013-09-04,88.0,1.0
2013-09-11,90.0,2.0
2013-09-18,89.0,-1.0
2013-09-25,90.0,1.0
2013-10-02,91.0,1.0
2013-10-09,89.0,-2.0
2013-10-16,89.0,0.0
2013-10-23,89.0,0.0
2013-10-30,88.0,-1.0
2013-11-06,86.0,-2.0
2013-11-13,89.0,3.0
2013-11-20,87.0,-2.0
2013-11-27,83.0,-4.0
2013-12-04,83.0,0.0
2013-12-11,82.0,-1.0
2013-12-18,81.0,-1.0
2013-12-25,82.0,1.0
2014-01-01,82.0,0.0
2014-01-08,81.0,-1.0
2014-01-15,83.0,2.0
2014-01-22,88.0,5.0
2014-01-29,89.0,1.0
2014-02-05,91.0,2.0
2014-02-12,93.0,2.0
2014-02-19,94.0,1.0
2014-02-26,95.0,1.0
2014-03-05,93.0,-2.0
2014-03-12,95.0,2.0
2014-03-19,95.0,0.0
2014-03-26,93.0,-2.0
2014-04-02,94.0,1.0
2014-04-09,92.0,-2.0
2014-04-16,91.0,-1.0
2014-04-23,90.0,-1.0
2014-04-30,89.0,-1.0
2014-05-07,87.0,-2.0
2014-05-14,86.0,-1.0
2014-05-21,86.0,0.0
2014-05-28,84.0,-2.0
2014-06-04,82.0,-2.0
2014-06-11,82.0,0.0
2014-06-18,83.0,1.0
2014-06-25,82.0,-1.0
2014-07-02,80.0,-2.0
2014-07-09,81.0,1.0
2014-07-16,82.0,1.0
2014-07-23,84.0,2.0
2014-07-30,84.0,0.0
2014-08-06,86.0,2.0
2014-08-13,87.0,1.0
2014-08-20,90.0,3.0
2014-08-27,91.0,1.0
2014-09-03,93.0,2.0
2014-09-10,94.0,1.0
2014-09-17,93.0,-1.0
2014-09-24,95.0,2.0
2014-10-01,93.0,-2.0
2014-10-08,93.0,0.0
2014-10-15,93.0,0.0
2014-10-22,93.0,0.0
2014-10-29,90.0,-3.0
2014-11-05,88.0,-2.0
2014-11-12,88.0,0.0
2014-11-19,82.0,-6.0
2014-11-26,76.0,-6.0
2014-12-03,76.0,0.0
2014-12-10,77.0,1.0
2014-12-17,78.0,1.0
2014-12-24,77.0,-1.0
2014-12-31,79.0,2.0
2015-01-07,79.0,0.0
2015-01-14,81.0,2.0
2015-01-21,82.0,1.0
2015-01-28,80.0,-2.0
2015-02-04,80.0,0.0
2015-02-11,80.0,0.0
2015-02-18,77.0,-3.0
2015-02-25,78.0,1.0
2015-03-04,75.0,-3.0
2015-03-11,71.0,-4.0
2015-03-18,68.0,-3.0
2015-03-25,71.0,3.0
2015-04-01,70.0,-1.0
2015-04-08,70.0,0.0
2015-04-15,71.0,1.0
2015-04-22,69.0,-2.0
2015-04-29,70.0,1.0
2015-05-06,69.0,-1.0
2015-05-13,66.0,-3.0
2015-05-20,65.0,-1.0
2015-05-27,63.0,-2.0
2015-06-03,60.0,-3.0
2015-06-10,61.0,1.0
2015-06-17,60.0,-1.0
2015-06-24,62.0,2.0
2015-07-01,63.0,1.0
2015-07-08,63.0,0.0
2015-07-15,64.0,1.0
2015-07-22,65.0,1.0
2015-07-29,64.0,-1.0
