Date,Values,Delta Calculations
2008-11-26,21148.0, 
2008-12-03,21183.0,35.0
2008-12-10,19600.0,-1583.0
2008-12-17,19656.0,56.0
2008-12-24,28191.0,8535.0
2008-12-31,26785.0,-1406.0
2009-01-07,26881.0,96.0
2009-01-14,26942.0,61.0
2009-01-21,26967.0,25.0
2009-01-28,27456.0,489.0
2009-02-04,27510.0,54.0
2009-02-11,27634.0,124.0
2009-02-18,27674.0,40.0
2009-02-25,27695.0,21.0
2009-03-04,27745.0,50.0
2009-03-11,27597.0,-148.0
2009-03-18,27628.0,31.0
2009-03-25,27645.0,17.0
2009-04-01,27661.0,16.0
2009-04-08,27350.0,-311.0
2009-04-15,27412.0,62.0
2009-04-22,27429.0,17.0
2009-04-29,27449.0,20.0
2009-05-06,20219.0,-7230.0
2009-05-13,20305.0,86.0
2009-05-20,20365.0,60.0
2009-05-27,20379.0,14.0
2009-06-03,20446.0,67.0
2009-06-10,20010.0,-436.0
2009-06-17,20142.0,132.0
2009-06-24,20159.0,17.0
2009-07-01,20172.0,13.0
2009-07-08,18779.0,-1393.0
2009-07-15,18814.0,35.0
2009-07-22,18837.0,23.0
2009-07-29,21137.0,2300.0
2009-08-05,21304.0,167.0
2009-08-12,20860.0,-444.0
2009-08-19,20875.0,15.0
2009-08-26,20888.0,13.0
2009-09-02,20935.0,47.0
2009-09-09,20511.0,-424.0
2009-09-16,20545.0,34.0
2009-09-23,20554.0,9.0
2009-09-30,20566.0,12.0
2009-10-07,20166.0,-400.0
2009-10-14,20228.0,62.0
2009-10-21,20237.0,9.0
2009-10-28,23167.0,2930.0
2009-11-04,23233.0,66.0
2009-11-11,22932.0,-301.0
2009-11-18,22951.0,19.0
2009-11-25,22961.0,10.0
2009-12-02,22989.0,28.0
2009-12-09,22621.0,-368.0
2009-12-16,22642.0,21.0
2009-12-23,22650.0,8.0
2009-12-30,22660.0,10.0
2010-01-06,22757.0,97.0
2010-01-13,22401.0,-356.0
2010-01-20,22471.0,70.0
2010-01-27,22482.0,11.0
2010-02-03,22554.0,72.0
2010-02-10,22379.0,-175.0
2010-02-17,22392.0,13.0
2010-02-24,22399.0,7.0
2010-03-03,22435.0,36.0
2010-03-10,22118.0,-317.0
2010-03-17,22135.0,17.0
2010-03-24,22142.0,7.0
2010-03-31,22150.0,8.0
2010-04-07,21913.0,-237.0
2010-04-14,22036.0,123.0
2010-04-21,22046.0,10.0
2010-04-28,23590.0,1544.0
2010-05-05,23665.0,75.0
2010-05-12,23361.0,-304.0
2010-05-19,23372.0,11.0
2010-05-26,23380.0,8.0
2010-06-02,23401.0,21.0
2010-06-09,23166.0,-235.0
2010-06-16,23193.0,27.0
2010-06-23,23199.0,6.0
2010-06-30,23208.0,9.0
2010-07-07,22925.0,-283.0
2010-07-14,22967.0,42.0
2010-07-21,22980.0,13.0
2010-07-28,23540.0,560.0
2010-08-04,23581.0,41.0
2010-08-11,23299.0,-282.0
2010-08-18,23324.0,25.0
2010-08-25,23327.0,3.0
2010-09-01,23337.0,10.0
2010-09-08,22999.0,-338.0
2010-09-15,23021.0,22.0
2010-09-22,23030.0,9.0
2010-09-29,23040.0,10.0
2010-10-06,22782.0,-258.0
2010-10-13,22834.0,52.0
2010-10-20,22844.0,10.0
2010-10-27,23532.0,688.0
2010-11-03,23596.0,64.0
2010-11-10,23321.0,-275.0
2010-11-17,23339.0,18.0
2010-11-24,23344.0,5.0
2010-12-01,23352.0,8.0
2010-12-08,23096.0,-256.0
2010-12-15,23121.0,25.0
2010-12-22,23129.0,8.0
2010-12-29,23142.0,13.0
2011-01-05,23202.0,60.0
2011-01-12,23279.0,77.0
2011-01-19,22428.0,-851.0
2011-01-26,22437.0,9.0
2011-02-02,22895.0,458.0
2011-02-09,23028.0,133.0
2011-02-16,22814.0,-214.0
2011-02-23,22820.0,6.0
2011-03-02,22837.0,17.0
2011-03-09,22977.0,140.0
2011-03-16,22913.0,-64.0
2011-03-23,22919.0,6.0
2011-03-30,22927.0,8.0
2011-04-06,23008.0,81.0
2011-04-13,23051.0,43.0
2011-04-20,23039.0,-12.0
2011-04-27,24563.0,1524.0
2011-05-04,24611.0,48.0
2011-05-11,24703.0,92.0
2011-05-18,24374.0,-329.0
2011-05-25,24379.0,5.0
2011-06-01,24386.0,7.0
2011-06-08,24489.0,103.0
2011-06-15,24230.0,-259.0
2011-06-22,24238.0,8.0
2011-06-29,24244.0,6.0
2011-07-06,24315.0,71.0
2011-07-13,24358.0,43.0
2011-07-20,23518.0,-840.0
2011-07-27,21457.0,-2061.0
2011-08-03,21511.0,54.0
2011-08-10,21622.0,111.0
2011-08-17,21315.0,-307.0
2011-08-24,21320.0,5.0
2011-08-31,21327.0,7.0
2011-09-07,21406.0,79.0
2011-09-14,21465.0,59.0
2011-09-21,21164.0,-301.0
2011-09-28,21170.0,6.0
2011-10-05,21235.0,65.0
2011-10-12,21294.0,59.0
2011-10-19,20817.0,-477.0
2011-10-26,18015.0,-2802.0
2011-11-02,18031.0,16.0
2011-11-09,18154.0,123.0
2011-11-16,17832.0,-322.0
2011-11-23,17837.0,5.0
2011-11-30,17845.0,8.0
2011-12-07,17930.0,85.0
2011-12-14,17719.0,-211.0
2011-12-21,17733.0,14.0
2011-12-28,17739.0,6.0
2012-01-04,17788.0,49.0
2012-01-11,17866.0,78.0
2012-01-18,17633.0,-233.0
2012-01-25,17718.0,85.0
2012-02-01,17726.0,8.0
2012-02-08,17856.0,130.0
2012-02-15,17594.0,-262.0
2012-02-22,17603.0,9.0
2012-02-29,17611.0,8.0
2012-03-07,17720.0,109.0
2012-03-14,17434.0,-286.0
2012-03-21,17449.0,15.0
2012-03-28,17455.0,6.0
2012-04-04,17507.0,52.0
2012-04-11,17586.0,79.0
2012-04-18,17297.0,-289.0
2012-04-25,19805.0,2508.0
2012-05-02,20207.0,402.0
2012-05-09,20323.0,116.0
2012-05-16,15119.0,-5204.0
2012-05-23,15152.0,33.0
2012-05-30,15257.0,105.0
2012-06-06,15297.0,40.0
2012-06-13,15478.0,181.0
2012-06-20,12255.0,-3223.0
2012-06-27,12590.0,335.0
2012-07-04,12946.0,356.0
2012-07-11,12987.0,41.0
2012-07-18,6164.0,-6823.0
2012-07-25,7155.0,991.0
2012-08-01,7377.0,222.0
2012-08-08,7411.0,34.0
2012-08-15,1465.0,-5946.0
2012-08-22,1554.0,89.0
2012-08-29,1585.0,31.0
2012-09-05,1585.0,0.0
2012-09-12,1585.0,0.0
2012-09-19,1585.0,0.0
2012-09-26,25.0,-1560.0
2012-10-03,23.0,-2.0
2012-10-10,23.0,0.0
2012-10-17,23.0,0.0
2012-10-24,23.0,0.0
2012-10-31,23.0,0.0
2012-11-07,23.0,0.0
2012-11-14,23.0,0.0
2012-11-21,22.0,-1.0
2012-11-28,22.0,0.0
2012-12-05,22.0,0.0
2012-12-12,22.0,0.0
2012-12-19,22.0,0.0
2012-12-26,22.0,0.0
2013-01-02,22.0,0.0
2013-01-09,22.0,0.0
2013-01-16,22.0,0.0
2013-01-23,22.0,0.0
2013-01-30,22.0,0.0
2013-02-06,22.0,0.0
2013-02-13,22.0,0.0
2013-02-20,22.0,0.0
2013-02-27,22.0,0.0
2013-03-06,22.0,0.0
2013-03-13,22.0,0.0
2013-03-20,22.0,0.0
2013-03-27,22.0,0.0
2013-04-03,22.0,0.0
2013-04-10,22.0,0.0
2013-04-17,22.0,0.0
2013-04-24,22.0,0.0
2013-05-01,22.0,0.0
2013-05-08,22.0,0.0
2013-05-15,22.0,0.0
2013-05-22,22.0,0.0
2013-05-29,22.0,0.0
2013-06-05,22.0,0.0
2013-06-12,22.0,0.0
2013-06-19,22.0,0.0
2013-06-26,22.0,0.0
2013-07-03,22.0,0.0
2013-07-10,22.0,0.0
2013-07-17,22.0,0.0
2013-07-24,22.0,0.0
2013-07-31,22.0,0.0
2013-08-07,22.0,0.0
2013-08-14,22.0,0.0
2013-08-21,22.0,0.0
2013-08-28,22.0,0.0
2013-09-04,22.0,0.0
2013-09-11,22.0,0.0
2013-09-18,22.0,0.0
2013-09-25,22.0,0.0
2013-10-02,22.0,0.0
2013-10-09,22.0,0.0
2013-10-16,22.0,0.0
2013-10-23,22.0,0.0
2013-10-30,22.0,0.0
2013-11-06,22.0,0.0
2013-11-13,22.0,0.0
2013-11-20,22.0,0.0
2013-11-27,22.0,0.0
2013-12-04,22.0,0.0
2013-12-11,22.0,0.0
2013-12-18,22.0,0.0
2013-12-25,22.0,0.0
2014-01-01,22.0,0.0
2014-01-08,22.0,0.0
2014-01-15,22.0,0.0
2014-01-22,22.0,0.0
2014-01-29,22.0,0.0
2014-02-05,22.0,0.0
2014-02-12,22.0,0.0
2014-02-19,22.0,0.0
2014-02-26,22.0,0.0
2014-03-05,22.0,0.0
2014-03-12,22.0,0.0
2014-03-19,22.0,0.0
2014-03-26,22.0,0.0
2014-04-02,22.0,0.0
2014-04-09,22.0,0.0
2014-04-16,22.0,0.0
2014-04-23,22.0,0.0
2014-04-30,22.0,0.0
2014-05-07,22.0,0.0
2014-05-14,22.0,0.0
2014-05-21,22.0,0.0
2014-05-28,22.0,0.0
2014-06-04,22.0,0.0
2014-06-11,22.0,0.0
2014-06-18,22.0,0.0
2014-06-25,22.0,0.0
2014-07-02,22.0,0.0
2014-07-09,22.0,0.0
2014-07-16,22.0,0.0
2014-07-23,22.0,0.0
2014-07-30,22.0,0.0
2014-08-06,22.0,0.0
2014-08-13,22.0,0.0
2014-08-20,22.0,0.0
2014-08-27,22.0,0.0
2014-09-03,22.0,0.0
2014-09-10,22.0,0.0
2014-09-17,0.0,-22.0
2014-09-24,0.0,0.0
2014-10-01,0.0,0.0
2014-10-08,0.0,0.0
2014-10-15,0.0,0.0
2014-10-22,0.0,0.0
2014-10-29,0.0,0.0
2014-11-05,0.0,0.0
2014-11-12,0.0,0.0
2014-11-19,0.0,0.0
2014-11-26,0.0,0.0
2014-12-03,0.0,0.0
2014-12-10,0.0,0.0
2014-12-17,0.0,0.0
2014-12-24,0.0,0.0
2014-12-31,0.0,0.0
2015-01-07,0.0,0.0
2015-01-14,0.0,0.0
2015-01-21,0.0,0.0
2015-01-28,0.0,0.0
2015-02-04,0.0,0.0
2015-02-11,0.0,0.0
2015-02-18,0.0,0.0
2015-02-25,0.0,0.0
2015-03-04,0.0,0.0
2015-03-11,0.0,0.0
2015-03-18,0.0,0.0
2015-03-25,0.0,0.0
2015-04-01,0.0,0.0
2015-04-08,0.0,0.0
2015-04-15,0.0,0.0
2015-04-22,0.0,0.0
2015-04-29,0.0,0.0
2015-05-06,0.0,0.0
2015-05-13,0.0,0.0
2015-05-20,0.0,0.0
2015-05-27,0.0,0.0
2015-06-03,0.0,0.0
2015-06-10,0.0,0.0
2015-06-17,0.0,0.0
2015-06-24,0.0,0.0
2015-07-01,0.0,0.0
2015-07-08,0.0,0.0
2015-07-15,0.0,0.0
2015-07-22,0.0,0.0
2015-07-29,0.0,0.0
