Date,Values,Delta Calculations
2002-12-18,63.0, 
2002-12-25,62.0,-1.0
2003-01-01,61.0,-1.0
2003-01-08,59.0,-2.0
2003-01-15,60.0,1.0
2003-01-22,62.0,2.0
2003-01-29,64.0,2.0
2003-02-05,66.0,2.0
2003-02-12,70.0,4.0
2003-02-19,68.0,-2.0
2003-02-26,70.0,2.0
2003-03-05,71.0,1.0
2003-03-12,72.0,1.0
2003-03-19,75.0,3.0
2003-03-26,77.0,2.0
2003-04-02,80.0,3.0
2003-04-09,80.0,0.0
2003-04-16,77.0,-3.0
2003-04-23,76.0,-1.0
2003-04-30,76.0,0.0
2003-05-07,75.0,-1.0
2003-05-14,71.0,-4.0
2003-05-21,68.0,-3.0
2003-05-28,66.0,-2.0
2003-06-04,65.0,-1.0
2003-06-11,61.0,-4.0
2003-06-18,61.0,0.0
2003-06-25,60.0,-1.0
2003-07-02,59.0,-1.0
2003-07-09,52.0,-7.0
2003-07-16,49.0,-3.0
2003-07-23,47.0,-2.0
2003-07-30,46.0,-1.0
2003-08-06,45.0,-1.0
2003-08-13,46.0,1.0
2003-08-20,48.0,2.0
2003-08-27,48.0,0.0
2003-09-03,47.0,-1.0
2003-09-10,42.0,-5.0
2003-09-17,43.0,1.0
2003-09-24,41.0,-2.0
2003-10-01,38.0,-3.0
2003-10-08,36.0,-2.0
2003-10-15,35.0,-1.0
2003-10-22,39.0,4.0
2003-10-29,42.0,3.0
2003-11-05,44.0,2.0
2003-11-12,45.0,1.0
2003-11-19,45.0,0.0
2003-11-26,43.0,-2.0
2003-12-03,38.0,-5.0
2003-12-10,37.0,-1.0
2003-12-17,40.0,3.0
2003-12-24,39.0,-1.0
2003-12-31,37.0,-2.0
2004-01-07,37.0,0.0
2004-01-14,37.0,0.0
2004-01-21,39.0,2.0
2004-01-28,43.0,4.0
2004-02-04,44.0,1.0
2004-02-11,45.0,1.0
2004-02-18,48.0,3.0
2004-02-25,47.0,-1.0
2004-03-03,47.0,0.0
2004-03-10,46.0,-1.0
2004-03-17,48.0,2.0
2004-03-24,49.0,1.0
2004-03-31,50.0,1.0
2004-04-07,51.0,1.0
2004-04-14,48.0,-3.0
2004-04-21,53.0,5.0
2004-04-28,52.0,-1.0
2004-05-05,51.0,-1.0
2004-05-12,49.0,-2.0
2004-05-19,46.0,-3.0
2004-05-26,45.0,-1.0
2004-06-02,43.0,-2.0
2004-06-09,39.0,-4.0
2004-06-16,37.0,-2.0
2004-06-23,40.0,3.0
2004-06-30,40.0,0.0
2004-07-07,38.0,-2.0
2004-07-14,35.0,-3.0
2004-07-21,37.0,2.0
2004-07-28,37.0,0.0
2004-08-04,37.0,0.0
2004-08-11,35.0,-2.0
2004-08-18,36.0,1.0
2004-08-25,37.0,1.0
2004-09-01,40.0,3.0
2004-09-08,39.0,-1.0
2004-09-15,42.0,3.0
2004-09-22,41.0,-1.0
2004-09-29,41.0,0.0
2004-10-06,44.0,3.0
2004-10-13,45.0,1.0
2004-10-20,47.0,2.0
2004-10-27,49.0,2.0
2004-11-03,54.0,5.0
2004-11-10,58.0,4.0
2004-11-17,57.0,-1.0
2004-11-24,57.0,0.0
2004-12-01,56.0,-1.0
2004-12-08,57.0,1.0
2004-12-15,55.0,-2.0
2004-12-22,55.0,0.0
2004-12-29,55.0,0.0
2005-01-05,55.0,0.0
2005-01-12,55.0,0.0
2005-01-19,55.0,0.0
2005-01-26,59.0,4.0
2005-02-02,61.0,2.0
2005-02-09,66.0,5.0
2005-02-16,64.0,-2.0
2005-02-23,61.0,-3.0
2005-03-02,61.0,0.0
2005-03-09,61.0,0.0
2005-03-16,62.0,1.0
2005-03-23,63.0,1.0
2005-03-30,64.0,1.0
2005-04-06,65.0,1.0
2005-04-13,64.0,-1.0
2005-04-20,63.0,-1.0
2005-04-27,60.0,-3.0
2005-05-04,58.0,-2.0
2005-05-11,56.0,-2.0
2005-05-18,52.0,-4.0
2005-05-25,49.0,-3.0
2005-06-01,45.0,-4.0
2005-06-08,47.0,2.0
2005-06-15,47.0,0.0
2005-06-22,43.0,-4.0
2005-06-29,35.0,-8.0
2005-07-06,32.0,-3.0
2005-07-13,30.0,-2.0
2005-07-20,31.0,1.0
2005-07-27,29.0,-2.0
2005-08-03,28.0,-1.0
2005-08-10,29.0,1.0
2005-08-17,28.0,-1.0
2005-08-24,29.0,1.0
2005-08-31,29.0,0.0
2005-09-07,34.0,5.0
2005-09-14,34.0,0.0
2005-09-21,37.0,3.0
2005-09-28,39.0,2.0
2005-10-05,41.0,2.0
2005-10-12,41.0,0.0
2005-10-19,45.0,4.0
2005-10-26,48.0,3.0
2005-11-02,49.0,1.0
2005-11-09,50.0,1.0
2005-11-16,49.0,-1.0
2005-11-23,47.0,-2.0
2005-11-30,46.0,-1.0
2005-12-07,42.0,-4.0
2005-12-14,40.0,-2.0
2005-12-21,37.0,-3.0
2005-12-28,35.0,-2.0
2006-01-04,35.0,0.0
2006-01-11,36.0,1.0
2006-01-18,36.0,0.0
2006-01-25,38.0,2.0
2006-02-01,42.0,4.0
2006-02-08,44.0,2.0
2006-02-15,46.0,2.0
2006-02-22,48.0,2.0
2006-03-01,48.0,0.0
2006-03-08,49.0,1.0
2006-03-15,48.0,-1.0
2006-03-22,49.0,1.0
2006-03-29,51.0,2.0
2006-04-05,51.0,0.0
2006-04-12,46.0,-5.0
2006-04-19,47.0,1.0
2006-04-26,45.0,-2.0
2006-05-03,43.0,-2.0
2006-05-10,40.0,-3.0
2006-05-17,39.0,-1.0
2006-05-24,36.0,-3.0
2006-05-31,33.0,-3.0
2006-06-07,33.0,0.0
2006-06-14,35.0,2.0
2006-06-21,32.0,-3.0
2006-06-28,33.0,1.0
2006-07-05,30.0,-3.0
2006-07-12,31.0,1.0
2006-07-19,32.0,1.0
2006-07-26,32.0,0.0
2006-08-02,32.0,0.0
2006-08-09,34.0,2.0
2006-08-16,36.0,2.0
2006-08-23,39.0,3.0
2006-08-30,41.0,2.0
2006-09-06,41.0,0.0
2006-09-13,45.0,4.0
2006-09-20,50.0,5.0
2006-09-27,55.0,5.0
2006-10-04,57.0,2.0
2006-10-11,57.0,0.0
2006-10-18,58.0,1.0
2006-10-25,60.0,2.0
2006-11-01,61.0,1.0
2006-11-08,62.0,1.0
2006-11-15,60.0,-2.0
2006-11-22,58.0,-2.0
2006-11-29,57.0,-1.0
2006-12-06,58.0,1.0
2006-12-13,58.0,0.0
2006-12-20,57.0,-1.0
2006-12-27,53.0,-4.0
2007-01-03,52.0,-1.0
2007-01-10,56.0,4.0
2007-01-17,60.0,4.0
2007-01-24,67.0,7.0
2007-01-31,70.0,3.0
2007-02-07,64.0,-6.0
2007-02-14,68.0,4.0
2007-02-21,71.0,3.0
2007-02-28,68.0,-3.0
2007-03-07,66.0,-2.0
2007-03-14,64.0,-2.0
2007-03-21,63.0,-1.0
2007-03-28,64.0,1.0
2007-04-04,63.0,-1.0
2007-04-11,64.0,1.0
2007-04-18,67.0,3.0
2007-04-25,66.0,-1.0
2007-05-02,69.0,3.0
2007-05-09,64.0,-5.0
2007-05-16,61.0,-3.0
2007-05-23,59.0,-2.0
2007-05-30,58.0,-1.0
2007-06-06,58.0,0.0
2007-06-13,59.0,1.0
2007-06-20,59.0,0.0
2007-06-27,63.0,4.0
2007-07-04,62.0,-1.0
2007-07-11,61.0,-1.0
2007-07-18,63.0,2.0
2007-07-25,69.0,6.0
2007-08-01,71.0,2.0
2007-08-08,68.0,-3.0
2007-08-15,67.0,-1.0
2007-08-22,67.0,0.0
2007-08-29,67.0,0.0
2007-09-05,67.0,0.0
2007-09-12,68.0,1.0
2007-09-19,73.0,5.0
2007-09-26,77.0,4.0
2007-10-03,81.0,4.0
2007-10-10,81.0,0.0
2007-10-17,86.0,5.0
2007-10-24,89.0,3.0
2007-10-31,89.0,0.0
2007-11-07,88.0,-1.0
2007-11-14,86.0,-2.0
2007-11-21,85.0,-1.0
2007-11-28,86.0,1.0
2007-12-05,88.0,2.0
2007-12-12,90.0,2.0
2007-12-19,90.0,0.0
2007-12-26,88.0,-2.0
2008-01-02,88.0,0.0
2008-01-09,88.0,0.0
2008-01-16,91.0,3.0
2008-01-23,94.0,3.0
2008-01-30,101.0,7.0
2008-02-06,105.0,4.0
2008-02-13,105.0,0.0
2008-02-20,107.0,2.0
2008-02-27,108.0,1.0
2008-03-05,110.0,2.0
2008-03-12,109.0,-1.0
2008-03-19,107.0,-2.0
2008-03-26,105.0,-2.0
2008-04-02,101.0,-4.0
2008-04-09,101.0,0.0
2008-04-16,104.0,3.0
2008-04-23,108.0,4.0
2008-04-30,109.0,1.0
2008-05-07,103.0,-6.0
2008-05-14,102.0,-1.0
2008-05-21,99.0,-3.0
2008-05-28,98.0,-1.0
2008-06-04,96.0,-2.0
2008-06-11,96.0,0.0
2008-06-18,98.0,2.0
2008-06-25,99.0,1.0
2008-07-02,101.0,2.0
2008-07-09,98.0,-3.0
2008-07-16,96.0,-2.0
2008-07-23,103.0,7.0
2008-07-30,100.0,-3.0
2008-08-06,97.0,-3.0
2008-08-13,99.0,2.0
2008-08-20,100.0,1.0
2008-08-27,102.0,2.0
2008-09-03,103.0,1.0
2008-09-10,107.0,4.0
2008-09-17,111.0,4.0
2008-09-24,112.0,1.0
2008-10-01,115.0,3.0
2008-10-08,118.0,3.0
2008-10-15,123.0,5.0
2008-10-22,126.0,3.0
2008-10-29,129.0,3.0
2008-11-05,129.0,0.0
2008-11-12,129.0,0.0
2008-11-19,128.0,-1.0
2008-11-26,126.0,-2.0
2008-12-03,127.0,1.0
2008-12-10,129.0,2.0
2008-12-17,130.0,1.0
2008-12-24,133.0,3.0
2008-12-31,137.0,4.0
2009-01-07,138.0,1.0
2009-01-14,140.0,2.0
2009-01-21,145.0,5.0
2009-01-28,150.0,5.0
2009-02-04,154.0,4.0
2009-02-11,157.0,3.0
2009-02-18,156.0,-1.0
2009-02-25,156.0,0.0
2009-03-04,156.0,0.0
2009-03-11,155.0,-1.0
2009-03-18,157.0,2.0
2009-03-25,157.0,0.0
2009-04-01,158.0,1.0
2009-04-08,158.0,0.0
2009-04-15,159.0,1.0
2009-04-22,157.0,-2.0
2009-04-29,159.0,2.0
2009-05-06,158.0,-1.0
2009-05-13,155.0,-3.0
2009-05-20,151.0,-4.0
2009-05-27,149.0,-2.0
2009-06-03,150.0,1.0
2009-06-10,149.0,-1.0
2009-06-17,148.0,-1.0
2009-06-24,148.0,0.0
2009-07-01,149.0,1.0
2009-07-08,149.0,0.0
2009-07-15,151.0,2.0
2009-07-22,154.0,3.0
2009-07-29,158.0,4.0
2009-08-05,159.0,1.0
2009-08-12,157.0,-2.0
2009-08-19,159.0,2.0
2009-08-26,159.0,0.0
2009-09-02,160.0,1.0
2009-09-09,159.0,-1.0
2009-09-16,161.0,2.0
2009-09-23,165.0,4.0
2009-09-30,165.0,0.0
2009-10-07,166.0,1.0
2009-10-14,166.0,0.0
2009-10-21,171.0,5.0
2009-10-28,168.0,-3.0
2009-11-04,169.0,1.0
2009-11-11,167.0,-2.0
2009-11-18,164.0,-3.0
2009-11-25,163.0,-1.0
2009-12-02,164.0,1.0
2009-12-09,164.0,0.0
2009-12-16,165.0,1.0
2009-12-23,167.0,2.0
2009-12-30,166.0,-1.0
2010-01-06,169.0,3.0
2010-01-13,169.0,0.0
2010-01-20,172.0,3.0
2010-01-27,176.0,4.0
2010-02-03,176.0,0.0
2010-02-10,177.0,1.0
2010-02-17,174.0,-3.0
2010-02-24,175.0,1.0
2010-03-03,174.0,-1.0
2010-03-10,170.0,-4.0
2010-03-17,169.0,-1.0
2010-03-24,168.0,-1.0
2010-03-31,168.0,0.0
2010-04-07,164.0,-4.0
2010-04-14,163.0,-1.0
2010-04-21,166.0,3.0
2010-04-28,168.0,2.0
2010-05-05,165.0,-3.0
2010-05-12,165.0,0.0
2010-05-19,167.0,2.0
2010-05-26,162.0,-5.0
2010-06-02,163.0,1.0
2010-06-09,161.0,-2.0
2010-06-16,158.0,-3.0
2010-06-23,156.0,-2.0
2010-06-30,154.0,-2.0
2010-07-07,152.0,-2.0
2010-07-14,157.0,5.0
2010-07-21,157.0,0.0
2010-07-28,162.0,5.0
2010-08-04,162.0,0.0
2010-08-11,164.0,2.0
2010-08-18,163.0,-1.0
2010-08-25,163.0,0.0
2010-09-01,163.0,0.0
2010-09-08,164.0,1.0
2010-09-15,167.0,3.0
2010-09-22,170.0,3.0
2010-09-29,170.0,0.0
2010-10-06,169.0,-1.0
2010-10-13,169.0,0.0
2010-10-20,168.0,-1.0
2010-10-27,174.0,6.0
2010-11-03,172.0,-2.0
2010-11-10,171.0,-1.0
2010-11-17,170.0,-1.0
2010-11-24,167.0,-3.0
2010-12-01,169.0,2.0
2010-12-08,167.0,-2.0
2010-12-15,171.0,4.0
2010-12-22,171.0,0.0
2010-12-29,172.0,1.0
2011-01-05,175.0,3.0
2011-01-12,176.0,1.0
2011-01-19,177.0,1.0
2011-01-26,178.0,1.0
2011-02-02,177.0,-1.0
2011-02-09,176.0,-1.0
2011-02-16,176.0,0.0
2011-02-23,176.0,0.0
2011-03-02,177.0,1.0
2011-03-09,177.0,0.0
2011-03-16,175.0,-2.0
2011-03-23,172.0,-3.0
2011-03-30,171.0,-1.0
2011-04-06,169.0,-2.0
2011-04-13,168.0,-1.0
2011-04-20,168.0,0.0
2011-04-27,167.0,-1.0
2011-05-04,163.0,-4.0
2011-05-11,162.0,-1.0
2011-05-18,161.0,-1.0
2011-05-25,159.0,-2.0
2011-06-01,158.0,-1.0
2011-06-08,159.0,1.0
2011-06-15,160.0,1.0
2011-06-22,162.0,2.0
2011-06-29,160.0,-2.0
2011-07-06,160.0,0.0
2011-07-13,162.0,2.0
2011-07-20,161.0,-1.0
2011-07-27,165.0,4.0
2011-08-03,164.0,-1.0
2011-08-10,165.0,1.0
2011-08-17,164.0,-1.0
2011-08-24,163.0,-1.0
2011-08-31,162.0,-1.0
2011-09-07,163.0,1.0
2011-09-14,163.0,0.0
2011-09-21,164.0,1.0
2011-09-28,164.0,0.0
2011-10-05,163.0,-1.0
2011-10-12,163.0,0.0
2011-10-19,164.0,1.0
2011-10-26,165.0,1.0
2011-11-02,162.0,-3.0
2011-11-09,163.0,1.0
2011-11-16,162.0,-1.0
2011-11-23,162.0,0.0
2011-11-30,160.0,-2.0
2011-12-07,161.0,1.0
2011-12-14,160.0,-1.0
2011-12-21,161.0,1.0
2011-12-28,160.0,-1.0
2012-01-04,162.0,2.0
2012-01-11,161.0,-1.0
2012-01-18,161.0,0.0
2012-01-25,162.0,1.0
2012-02-01,163.0,1.0
2012-02-08,164.0,1.0
2012-02-15,164.0,0.0
2012-02-22,163.0,-1.0
2012-02-29,162.0,-1.0
2012-03-07,161.0,-1.0
2012-03-14,162.0,1.0
2012-03-21,161.0,-1.0
2012-03-28,159.0,-2.0
2012-04-04,157.0,-2.0
2012-04-11,154.0,-3.0
2012-04-18,154.0,0.0
2012-04-25,155.0,1.0
2012-05-02,151.0,-4.0
2012-05-09,152.0,1.0
2012-05-16,153.0,1.0
2012-05-23,153.0,0.0
2012-05-30,151.0,-2.0
2012-06-06,150.0,-1.0
2012-06-13,149.0,-1.0
2012-06-20,149.0,0.0
2012-06-27,150.0,1.0
2012-07-04,148.0,-2.0
2012-07-11,145.0,-3.0
2012-07-18,144.0,-1.0
2012-07-25,143.0,-1.0
2012-08-01,142.0,-1.0
2012-08-08,143.0,1.0
2012-08-15,143.0,0.0
2012-08-22,146.0,3.0
2012-08-29,147.0,1.0
2012-09-05,147.0,0.0
2012-09-12,147.0,0.0
2012-09-19,147.0,0.0
2012-09-26,147.0,0.0
2012-10-03,148.0,1.0
2012-10-10,149.0,1.0
2012-10-17,148.0,-1.0
2012-10-24,149.0,1.0
2012-10-31,147.0,-2.0
2012-11-07,147.0,0.0
2012-11-14,148.0,1.0
2012-11-21,146.0,-2.0
2012-11-28,146.0,0.0
2012-12-05,142.0,-4.0
2012-12-12,142.0,0.0
2012-12-19,141.0,-1.0
2012-12-26,140.0,-1.0
2013-01-02,141.0,1.0
2013-01-09,140.0,-1.0
2013-01-16,142.0,2.0
2013-01-23,143.0,1.0
2013-01-30,144.0,1.0
2013-02-06,144.0,0.0
2013-02-13,143.0,-1.0
2013-02-20,143.0,0.0
2013-02-27,141.0,-2.0
2013-03-06,140.0,-1.0
2013-03-13,138.0,-2.0
2013-03-20,137.0,-1.0
2013-03-27,138.0,1.0
2013-04-03,137.0,-1.0
2013-04-10,136.0,-1.0
2013-04-17,134.0,-2.0
2013-04-24,134.0,0.0
2013-05-01,132.0,-2.0
2013-05-08,130.0,-2.0
2013-05-15,129.0,-1.0
2013-05-22,126.0,-3.0
2013-05-29,123.0,-3.0
2013-06-05,122.0,-1.0
2013-06-12,122.0,0.0
2013-06-19,122.0,0.0
2013-06-26,122.0,0.0
2013-07-03,120.0,-2.0
2013-07-10,120.0,0.0
2013-07-17,120.0,0.0
2013-07-24,121.0,1.0
2013-07-31,123.0,2.0
2013-08-07,124.0,1.0
2013-08-14,125.0,1.0
2013-08-21,127.0,2.0
2013-08-28,126.0,-1.0
2013-09-04,125.0,-1.0
2013-09-11,127.0,2.0
2013-09-18,127.0,0.0
2013-09-25,128.0,1.0
2013-10-02,128.0,0.0
2013-10-09,129.0,1.0
2013-10-16,129.0,0.0
2013-10-23,128.0,-1.0
2013-10-30,126.0,-2.0
2013-11-06,127.0,1.0
2013-11-13,127.0,0.0
2013-11-20,126.0,-1.0
2013-11-27,125.0,-1.0
2013-12-04,124.0,-1.0
2013-12-11,125.0,1.0
2013-12-18,125.0,0.0
2013-12-25,123.0,-2.0
2014-01-01,123.0,0.0
2014-01-08,125.0,2.0
2014-01-15,125.0,0.0
2014-01-22,125.0,0.0
2014-01-29,126.0,1.0
2014-02-05,128.0,2.0
2014-02-12,128.0,0.0
2014-02-19,129.0,1.0
2014-02-26,127.0,-2.0
2014-03-05,125.0,-2.0
2014-03-12,125.0,0.0
2014-03-19,124.0,-1.0
2014-03-26,124.0,0.0
2014-04-02,125.0,1.0
2014-04-09,124.0,-1.0
2014-04-16,122.0,-2.0
2014-04-23,122.0,0.0
2014-04-30,122.0,0.0
2014-05-07,120.0,-2.0
2014-05-14,121.0,1.0
2014-05-21,121.0,0.0
2014-05-28,119.0,-2.0
2014-06-04,118.0,-1.0
2014-06-11,119.0,1.0
2014-06-18,120.0,1.0
2014-06-25,120.0,0.0
2014-07-02,120.0,0.0
2014-07-09,119.0,-1.0
2014-07-16,118.0,-1.0
2014-07-23,119.0,1.0
2014-07-30,119.0,0.0
2014-08-06,120.0,1.0
2014-08-13,120.0,0.0
2014-08-20,122.0,2.0
2014-08-27,122.0,0.0
2014-09-03,121.0,-1.0
2014-09-10,124.0,3.0
2014-09-17,123.0,-1.0
2014-09-24,123.0,0.0
2014-10-01,124.0,1.0
2014-10-08,123.0,-1.0
2014-10-15,122.0,-1.0
2014-10-22,122.0,0.0
2014-10-29,124.0,2.0
2014-11-05,123.0,-1.0
2014-11-12,121.0,-2.0
2014-11-19,123.0,2.0
2014-11-26,124.0,1.0
2014-12-03,124.0,0.0
2014-12-10,124.0,0.0
2014-12-17,124.0,0.0
2014-12-24,122.0,-2.0
2014-12-31,122.0,0.0
2015-01-07,121.0,-1.0
2015-01-14,126.0,5.0
2015-01-21,130.0,4.0
2015-01-28,129.0,-1.0
2015-02-04,130.0,1.0
2015-02-11,131.0,1.0
2015-02-18,133.0,2.0
2015-02-25,133.0,0.0
2015-03-04,132.0,-1.0
2015-03-11,133.0,1.0
2015-03-18,131.0,-2.0
2015-03-25,130.0,-1.0
2015-04-01,128.0,-2.0
2015-04-08,126.0,-2.0
2015-04-15,125.0,-1.0
2015-04-22,126.0,1.0
2015-04-29,124.0,-2.0
2015-05-06,123.0,-1.0
2015-05-13,126.0,3.0
2015-05-20,128.0,2.0
2015-05-27,126.0,-2.0
2015-06-03,126.0,0.0
2015-06-10,126.0,0.0
2015-06-17,127.0,1.0
2015-06-24,128.0,1.0
2015-07-01,127.0,-1.0
2015-07-08,128.0,1.0
2015-07-15,131.0,3.0
2015-07-22,131.0,0.0
2015-07-29,131.0,0.0
