Date,Values,Delta Calculations
2011-01-05,-36.0, 
2011-01-12,-22.0,14.0
2011-01-19,67.0,89.0
2011-01-26,44.0,-23.0
2011-02-02,39.0,-5.0
2011-02-09,6.0,-33.0
2011-02-16,5.0,-1.0
2011-02-23,65.0,60.0
2011-03-02,48.0,-17.0
2011-03-09,15.0,-33.0
2011-03-16,336.0,321.0
2011-03-23,36.0,-300.0
2011-03-30,0.0,-36.0
2011-04-06,15.0,15.0
2011-04-13,73.0,58.0
2011-04-20,60.0,-13.0
2011-04-27,63.0,3.0
2011-05-04,88.0,25.0
2011-05-11,2.0,-86.0
2011-05-18,33.0,31.0
2011-05-25,9.0,-24.0
2011-06-01,90.0,81.0
2011-06-08,78.0,-12.0
2011-06-15,2.0,-76.0
2011-06-22,37.0,35.0
2011-06-29,39.0,2.0
2011-07-06,56.0,17.0
2011-07-13,62.0,6.0
2011-07-20,59.0,-3.0
2011-07-27,75.0,16.0
2011-08-03,58.0,-17.0
2011-08-10,43.0,-15.0
2011-08-17,73.0,30.0
2011-08-24,37.0,-36.0
2011-08-31,41.0,4.0
2011-09-07,4.0,-37.0
2011-09-14,26.0,22.0
2011-09-21,51.0,25.0
2011-09-28,8.0,-43.0
2011-10-05,10.0,2.0
2011-10-12,93.0,83.0
2011-10-19,55.0,-38.0
2011-10-26,69.0,14.0
2011-11-02,24.0,-45.0
2011-11-09,36.0,12.0
2011-11-16,46.0,10.0
2011-11-23,50.0,4.0
2011-11-30,38.0,-12.0
2011-12-07,123.0,85.0
2011-12-14,-4.0,-127.0
2011-12-21,54.0,58.0
2011-12-28,37.0,-17.0
2012-01-04,30.0,-7.0
2012-01-11,20.0,-10.0
2012-01-18,67.0,47.0
2012-01-25,45.0,-22.0
2012-02-01,92.0,47.0
2012-02-08,44.0,-48.0
2012-02-15,22.0,-22.0
2012-02-22,44.0,22.0
2012-02-29,64.0,20.0
2012-03-07,98.0,34.0
2012-03-14,26.0,-72.0
2012-03-21,130.0,104.0
2012-03-28,71.0,-59.0
2012-04-04,16.0,-55.0
2012-04-11,71.0,55.0
2012-04-18,41.0,-30.0
2012-04-25,64.0,23.0
2012-05-02,65.0,1.0
2012-05-09,45.0,-20.0
2012-05-16,17.0,-28.0
2012-05-23,54.0,37.0
2012-05-30,42.0,-12.0
2012-06-06,56.0,14.0
2012-06-13,112.0,56.0
2012-06-20,56.0,-56.0
2012-06-27,19.0,-37.0
2012-07-04,98.0,79.0
2012-07-11,26.0,-72.0
2012-07-18,64.0,38.0
2012-07-25,42.0,-22.0
2012-08-01,61.0,19.0
2012-08-08,52.0,-9.0
2012-08-15,33.0,-19.0
2012-08-22,71.0,38.0
2012-08-29,64.0,-7.0
2012-09-05,49.0,-15.0
2012-09-12,84.0,35.0
2012-09-19,61.0,-23.0
2012-09-26,96.0,35.0
2012-10-03,38.0,-58.0
2012-10-10,61.0,23.0
2012-10-17,57.0,-4.0
2012-10-24,43.0,-14.0
2012-10-31,47.0,4.0
2012-11-07,32.0,-15.0
2012-11-14,51.0,19.0
2012-11-21,57.0,6.0
2012-11-28,55.0,-2.0
2012-12-05,66.0,11.0
2012-12-12,29.0,-37.0
2012-12-19,70.0,41.0
2012-12-26,25.0,-45.0
2013-01-02,14.0,-11.0
2013-01-09,18.0,4.0
2013-01-16,43.0,25.0
2013-01-23,21.0,-22.0
2013-01-30,34.0,13.0
2013-02-06,11.0,-23.0
2013-02-13,41.0,30.0
2013-02-20,27.0,-14.0
2013-02-27,31.0,4.0
2013-03-06,25.0,-6.0
2013-03-13,2.0,-23.0
2013-03-20,46.0,44.0
2013-03-27,39.0,-7.0
2013-04-03,51.0,12.0
2013-04-10,17.0,-34.0
2013-04-17,62.0,45.0
2013-04-24,35.0,-27.0
2013-05-01,72.0,37.0
2013-05-08,34.0,-38.0
2013-05-15,-12.0,-46.0
2013-05-22,22.0,34.0
2013-05-29,43.0,21.0
2013-06-05,118.0,75.0
2013-06-12,99.0,-19.0
2013-06-19,37.0,-62.0
2013-06-26,-15.0,-52.0
2013-07-03,36.0,51.0
2013-07-10,26.0,-10.0
2013-07-17,62.0,36.0
2013-07-24,25.0,-37.0
2013-07-31,40.0,15.0
2013-08-07,67.0,27.0
2013-08-14,37.0,-30.0
2013-08-21,47.0,10.0
2013-08-28,43.0,-4.0
2013-09-04,43.0,0.0
2013-09-11,50.0,7.0
2013-09-18,54.0,4.0
2013-09-25,61.0,7.0
2013-10-02,60.0,-1.0
2013-10-09,45.0,-15.0
2013-10-16,20.0,-25.0
2013-10-23,66.0,46.0
2013-10-30,40.0,-26.0
2013-11-06,19.0,-21.0
2013-11-13,47.0,28.0
2013-11-20,38.0,-9.0
2013-11-27,95.0,57.0
2013-12-04,35.0,-60.0
2013-12-11,73.0,38.0
2013-12-18,41.0,-32.0
2013-12-25,78.0,37.0
2014-01-01,67.0,-11.0
2014-01-08,48.0,-19.0
2014-01-15,50.0,2.0
2014-01-22,59.0,9.0
2014-01-29,74.0,15.0
2014-02-05,42.0,-32.0
2014-02-12,40.0,-2.0
2014-02-19,69.0,29.0
2014-02-26,40.0,-29.0
2014-03-05,31.0,-9.0
2014-03-12,71.0,40.0
2014-03-19,61.0,-10.0
2014-03-26,38.0,-23.0
2014-04-02,33.0,-5.0
2014-04-09,72.0,39.0
2014-04-16,35.0,-37.0
2014-04-23,47.0,12.0
2014-04-30,47.0,0.0
2014-05-07,55.0,8.0
2014-05-14,21.0,-34.0
2014-05-21,26.0,5.0
2014-05-28,41.0,15.0
2014-06-04,68.0,27.0
2014-06-11,48.0,-20.0
2014-06-18,45.0,-3.0
2014-06-25,49.0,4.0
2014-07-02,49.0,0.0
2014-07-09,47.0,-2.0
2014-07-16,38.0,-9.0
2014-07-23,42.0,4.0
2014-07-30,8.0,-34.0
2014-08-06,44.0,36.0
2014-08-13,42.0,-2.0
2014-08-20,30.0,-12.0
2014-08-27,56.0,26.0
2014-09-03,33.0,-23.0
2014-09-10,20.0,-13.0
2014-09-17,40.0,20.0
2014-09-24,26.0,-14.0
2014-10-01,553.0,527.0
2014-10-08,43.0,-510.0
2014-10-15,48.0,5.0
2014-10-22,32.0,-16.0
2014-10-29,45.0,13.0
2014-11-05,-9.0,-54.0
2014-11-12,34.0,43.0
2014-11-19,7.0,-27.0
2014-11-26,47.0,40.0
2014-12-03,8.0,-39.0
2014-12-10,66.0,58.0
2014-12-17,51.0,-15.0
2014-12-24,18.0,-33.0
2014-12-31,20.0,2.0
2015-01-07,27.0,7.0
2015-01-14,60.0,33.0
2015-01-21,16.0,-44.0
2015-01-28,8.0,-8.0
2015-02-04,47.0,39.0
2015-02-11,26.0,-21.0
2015-02-18,48.0,22.0
2015-02-25,24.0,-24.0
2015-03-04,33.0,9.0
2015-03-11,11.0,-22.0
2015-03-18,40.0,29.0
2015-03-25,54.0,14.0
2015-04-01,23.0,-31.0
2015-04-08,49.0,26.0
2015-04-15,26.0,-23.0
2015-04-22,54.0,28.0
2015-04-29,74.0,20.0
2015-05-06,58.0,-16.0
2015-05-13,61.0,3.0
2015-05-20,12.0,-49.0
2015-05-27,-39.0,-51.0
2015-06-03,33.0,72.0
2015-06-10,57.0,24.0
2015-06-17,38.0,-19.0
2015-06-24,41.0,3.0
2015-07-01,43.0,2.0
2015-07-08,57.0,14.0
2015-07-15,26.0,-31.0
2015-07-22,29.0,3.0
2015-07-29,55.0,26.0
