Date,Values,Delta Calculations
2002-12-18,65.0, 
2002-12-25,65.0,0.0
2003-01-01,59.0,-6.0
2003-01-08,62.0,3.0
2003-01-15,61.0,-1.0
2003-01-22,62.0,1.0
2003-01-29,62.0,0.0
2003-02-05,61.0,-1.0
2003-02-12,63.0,2.0
2003-02-19,62.0,-1.0
2003-02-26,62.0,0.0
2003-03-05,62.0,0.0
2003-03-12,64.0,2.0
2003-03-19,61.0,-3.0
2003-03-26,63.0,2.0
2003-04-02,62.0,-1.0
2003-04-09,64.0,2.0
2003-04-16,63.0,-1.0
2003-04-23,65.0,2.0
2003-04-30,64.0,-1.0
2003-05-07,65.0,1.0
2003-05-14,67.0,2.0
2003-05-21,66.0,-1.0
2003-05-28,66.0,0.0
2003-06-04,65.0,-1.0
2003-06-11,67.0,2.0
2003-06-18,66.0,-1.0
2003-06-25,67.0,1.0
2003-07-02,59.0,-8.0
2003-07-09,61.0,2.0
2003-07-16,58.0,-3.0
2003-07-23,61.0,3.0
2003-07-30,62.0,1.0
2003-08-06,62.0,0.0
2003-08-13,64.0,2.0
2003-08-20,63.0,-1.0
2003-08-27,63.0,0.0
2003-09-03,63.0,0.0
2003-09-10,64.0,1.0
2003-09-17,62.0,-2.0
2003-09-24,64.0,2.0
2003-10-01,63.0,-1.0
2003-10-08,65.0,2.0
2003-10-15,65.0,0.0
2003-10-22,66.0,1.0
2003-10-29,66.0,0.0
2003-11-05,66.0,0.0
2003-11-12,68.0,2.0
2003-11-19,68.0,0.0
2003-11-26,66.0,-2.0
2003-12-03,66.0,0.0
2003-12-10,68.0,2.0
2003-12-17,66.0,-2.0
2003-12-24,66.0,0.0
2003-12-31,59.0,-7.0
2004-01-07,62.0,3.0
2004-01-14,64.0,2.0
2004-01-21,62.0,-2.0
2004-01-28,63.0,1.0
2004-02-04,61.0,-2.0
2004-02-11,64.0,3.0
2004-02-18,62.0,-2.0
2004-02-25,64.0,2.0
2004-03-03,62.0,-2.0
2004-03-10,64.0,2.0
2004-03-17,63.0,-1.0
2004-03-24,65.0,2.0
2004-03-31,62.0,-3.0
2004-04-07,65.0,3.0
2004-04-14,67.0,2.0
2004-04-21,65.0,-2.0
2004-04-28,66.0,1.0
2004-05-05,65.0,-1.0
2004-05-12,68.0,3.0
2004-05-19,67.0,-1.0
2004-05-26,66.0,-1.0
2004-06-02,66.0,0.0
2004-06-09,69.0,3.0
2004-06-16,67.0,-2.0
2004-06-23,69.0,2.0
2004-06-30,58.0,-11.0
2004-07-07,60.0,2.0
2004-07-14,61.0,1.0
2004-07-21,60.0,-1.0
2004-07-28,61.0,1.0
2004-08-04,63.0,2.0
2004-08-11,65.0,2.0
2004-08-18,63.0,-2.0
2004-08-25,67.0,4.0
2004-09-01,63.0,-4.0
2004-09-08,65.0,2.0
2004-09-15,64.0,-1.0
2004-09-22,66.0,2.0
2004-09-29,67.0,1.0
2004-10-06,66.0,-1.0
2004-10-13,68.0,2.0
2004-10-20,67.0,-1.0
2004-10-27,69.0,2.0
2004-11-03,67.0,-2.0
2004-11-10,69.0,2.0
2004-11-17,68.0,-1.0
2004-11-24,70.0,2.0
2004-12-01,68.0,-2.0
2004-12-08,70.0,2.0
2004-12-15,69.0,-1.0
2004-12-22,71.0,2.0
2004-12-29,72.0,1.0
2005-01-05,53.0,-19.0
2005-01-12,55.0,2.0
2005-01-19,54.0,-1.0
2005-01-26,56.0,2.0
2005-02-02,52.0,-4.0
2005-02-09,54.0,2.0
2005-02-16,54.0,0.0
2005-02-23,56.0,2.0
2005-03-02,55.0,-1.0
2005-03-09,56.0,1.0
2005-03-16,55.0,-1.0
2005-03-23,57.0,2.0
2005-03-30,58.0,1.0
2005-04-06,58.0,0.0
2005-04-13,59.0,1.0
2005-04-20,59.0,0.0
2005-04-27,61.0,2.0
2005-05-04,59.0,-2.0
2005-05-11,61.0,2.0
2005-05-18,60.0,-1.0
2005-05-25,62.0,2.0
2005-06-01,61.0,-1.0
2005-06-08,63.0,2.0
2005-06-15,61.0,-2.0
2005-06-22,63.0,2.0
2005-06-29,65.0,2.0
2005-07-06,54.0,-11.0
2005-07-13,58.0,4.0
2005-07-20,57.0,-1.0
2005-07-27,59.0,2.0
2005-08-03,58.0,-1.0
2005-08-10,61.0,3.0
2005-08-17,60.0,-1.0
2005-08-24,63.0,3.0
2005-08-31,62.0,-1.0
2005-09-07,65.0,3.0
2005-09-14,67.0,2.0
2005-09-21,67.0,0.0
2005-09-28,69.0,2.0
2005-10-05,62.0,-7.0
2005-10-12,97.0,35.0
2005-10-19,70.0,-27.0
2005-10-26,72.0,2.0
2005-11-02,72.0,0.0
2005-11-09,75.0,3.0
2005-11-16,74.0,-1.0
2005-11-23,77.0,3.0
2005-11-30,77.0,0.0
2005-12-07,80.0,3.0
2005-12-14,83.0,3.0
2005-12-21,77.0,-6.0
2005-12-28,85.0,8.0
2006-01-04,65.0,-20.0
2006-01-11,68.0,3.0
2006-01-18,66.0,-2.0
2006-01-25,70.0,4.0
2006-02-01,64.0,-6.0
2006-02-08,68.0,4.0
2006-02-15,66.0,-2.0
2006-02-22,70.0,4.0
2006-03-01,69.0,-1.0
2006-03-08,74.0,5.0
2006-03-15,72.0,-2.0
2006-03-22,76.0,4.0
2006-03-29,78.0,2.0
2006-04-05,75.0,-3.0
2006-04-12,78.0,3.0
2006-04-19,77.0,-1.0
2006-04-26,79.0,2.0
2006-05-03,82.0,3.0
2006-05-10,85.0,3.0
2006-05-17,84.0,-1.0
2006-05-24,110.0,26.0
2006-05-31,110.0,0.0
2006-06-07,110.0,0.0
2006-06-14,114.0,4.0
2006-06-21,114.0,0.0
2006-06-28,118.0,4.0
2006-07-05,64.0,-54.0
2006-07-12,69.0,5.0
2006-07-19,68.0,-1.0
2006-07-26,72.0,4.0
2006-08-02,71.0,-1.0
2006-08-09,76.0,5.0
2006-08-16,76.0,0.0
2006-08-23,80.0,4.0
2006-08-30,82.0,2.0
2006-09-06,83.0,1.0
2006-09-13,88.0,5.0
2006-09-20,88.0,0.0
2006-09-27,93.0,5.0
2006-10-04,90.0,-3.0
2006-10-11,94.0,4.0
2006-10-18,95.0,1.0
2006-10-25,102.0,7.0
2006-11-01,101.0,-1.0
2006-11-08,101.0,0.0
2006-11-15,122.0,21.0
2006-11-22,127.0,5.0
2006-11-29,130.0,3.0
2006-12-06,127.0,-3.0
2006-12-13,132.0,5.0
2006-12-20,132.0,0.0
2006-12-27,136.0,4.0
2007-01-03,78.0,-58.0
2007-01-10,83.0,5.0
2007-01-17,83.0,0.0
2007-01-24,90.0,7.0
2007-01-31,92.0,2.0
2007-02-07,95.0,3.0
2007-02-14,99.0,4.0
2007-02-21,99.0,0.0
2007-02-28,101.0,2.0
2007-03-07,105.0,4.0
2007-03-14,109.0,4.0
2007-03-21,108.0,-1.0
2007-03-28,112.0,4.0
2007-04-04,113.0,1.0
2007-04-11,116.0,3.0
2007-04-18,116.0,0.0
2007-04-25,120.0,4.0
2007-05-02,122.0,2.0
2007-05-09,125.0,3.0
2007-05-16,125.0,0.0
2007-05-23,128.0,3.0
2007-05-30,131.0,3.0
2007-06-06,133.0,2.0
2007-06-13,137.0,4.0
2007-06-20,136.0,-1.0
2007-06-27,140.0,4.0
2007-07-04,87.0,-53.0
2007-07-11,91.0,4.0
2007-07-18,91.0,0.0
2007-07-25,94.0,3.0
2007-08-01,95.0,1.0
2007-08-08,99.0,4.0
2007-08-15,98.0,-1.0
2007-08-22,102.0,4.0
2007-08-29,106.0,4.0
2007-09-05,107.0,1.0
2007-09-12,111.0,4.0
2007-09-19,111.0,0.0
2007-09-26,115.0,4.0
2007-10-03,116.0,1.0
2007-10-10,119.0,3.0
2007-10-17,120.0,1.0
2007-10-24,124.0,4.0
2007-10-31,124.0,0.0
2007-11-07,128.0,4.0
2007-11-14,132.0,4.0
2007-11-21,130.0,-2.0
2007-11-28,133.0,3.0
2007-12-05,134.0,1.0
2007-12-12,139.0,5.0
2007-12-19,137.0,-2.0
2007-12-26,141.0,4.0
2008-01-02,83.0,-58.0
2008-01-09,89.0,6.0
2008-01-16,88.0,-1.0
2008-01-23,92.0,4.0
2008-01-30,93.0,1.0
2008-02-06,93.0,0.0
2008-02-13,97.0,4.0
2008-02-20,97.0,0.0
2008-02-27,99.0,2.0
2008-03-05,102.0,3.0
2008-03-12,106.0,4.0
2008-03-19,105.0,-1.0
2008-03-26,108.0,3.0
2008-04-02,110.0,2.0
2008-04-09,113.0,3.0
2008-04-16,113.0,0.0
2008-04-23,124.0,11.0
2008-04-30,126.0,2.0
2008-05-07,123.0,-3.0
2008-05-14,130.0,7.0
2008-05-21,130.0,0.0
2008-05-28,132.0,2.0
2008-06-04,143.0,11.0
2008-06-11,146.0,3.0
2008-06-18,148.0,2.0
2008-06-25,152.0,4.0
2008-07-02,84.0,-68.0
2008-07-09,88.0,4.0
2008-07-16,88.0,0.0
2008-07-23,94.0,6.0
2008-07-30,96.0,2.0
2008-08-06,99.0,3.0
2008-08-13,102.0,3.0
2008-08-20,104.0,2.0
2008-08-27,107.0,3.0
2008-09-03,109.0,2.0
2008-09-10,113.0,4.0
2008-09-17,114.0,1.0
2008-09-24,118.0,4.0
2008-10-01,122.0,4.0
2008-10-08,127.0,5.0
2008-10-15,128.0,1.0
2008-10-22,133.0,5.0
2008-10-29,135.0,2.0
2008-11-05,139.0,4.0
2008-11-12,145.0,6.0
2008-11-19,146.0,1.0
2008-11-26,149.0,3.0
2008-12-03,154.0,5.0
2008-12-10,157.0,3.0
2008-12-17,159.0,2.0
2008-12-24,161.0,2.0
2008-12-31,89.0,-72.0
2009-01-07,91.0,2.0
2009-01-14,97.0,6.0
2009-01-21,104.0,7.0
2009-01-28,108.0,4.0
2009-02-04,108.0,0.0
2009-02-11,113.0,5.0
2009-02-18,113.0,0.0
2009-02-25,119.0,6.0
2009-03-04,120.0,1.0
2009-03-11,126.0,6.0
2009-03-18,126.0,0.0
2009-03-25,132.0,6.0
2009-04-01,131.0,-1.0
2009-04-08,137.0,6.0
2009-04-15,137.0,0.0
2009-04-22,143.0,6.0
2009-04-29,146.0,3.0
2009-05-06,149.0,3.0
2009-05-13,152.0,3.0
2009-05-20,156.0,4.0
2009-05-27,158.0,2.0
2009-06-03,160.0,2.0
2009-06-10,168.0,8.0
2009-06-17,171.0,3.0
2009-06-24,174.0,3.0
2009-07-01,106.0,-68.0
2009-07-08,101.0,-5.0
2009-07-15,104.0,3.0
2009-07-22,107.0,3.0
2009-07-29,111.0,4.0
2009-08-05,111.0,0.0
2009-08-12,118.0,7.0
2009-08-19,120.0,2.0
2009-08-26,124.0,4.0
2009-09-02,124.0,0.0
2009-09-09,131.0,7.0
2009-09-16,131.0,0.0
2009-09-23,137.0,6.0
2009-09-30,139.0,2.0
2009-10-07,143.0,4.0
2009-10-14,147.0,4.0
2009-10-21,151.0,4.0
2009-10-28,153.0,2.0
2009-11-04,157.0,4.0
2009-11-11,159.0,2.0
2009-11-18,163.0,4.0
2009-11-25,166.0,3.0
2009-12-02,170.0,4.0
2009-12-09,177.0,7.0
2009-12-16,315.0,138.0
2009-12-23,219.0,-96.0
2009-12-30,212.0,-7.0
2010-01-06,112.0,-100.0
2010-01-13,240.0,128.0
2010-01-20,172.0,-68.0
2010-01-27,142.0,-30.0
2010-02-03,130.0,-12.0
2010-02-10,242.0,112.0
2010-02-17,160.0,-82.0
2010-02-24,165.0,5.0
2010-03-03,144.0,-21.0
2010-03-10,182.0,38.0
2010-03-17,163.0,-19.0
2010-03-24,165.0,2.0
2010-03-31,158.0,-7.0
2010-04-07,165.0,7.0
2010-04-14,200.0,35.0
2010-04-21,200.0,0.0
2010-04-28,195.0,-5.0
2010-05-05,194.0,-1.0
2010-05-12,214.0,20.0
2010-05-19,210.0,-4.0
2010-05-26,205.0,-5.0
2010-06-02,200.0,-5.0
2010-06-09,200.0,0.0
2010-06-16,224.0,24.0
2010-06-23,210.0,-14.0
2010-06-30,124.0,-86.0
2010-07-07,123.0,-1.0
2010-07-14,184.0,61.0
2010-07-21,132.0,-52.0
2010-07-28,140.0,8.0
2010-08-04,143.0,3.0
2010-08-11,188.0,45.0
2010-08-18,137.0,-51.0
2010-08-25,144.0,7.0
2010-09-01,141.0,-3.0
2010-09-08,148.0,7.0
2010-09-15,148.0,0.0
2010-09-22,157.0,9.0
2010-09-29,161.0,4.0
2010-10-06,162.0,1.0
2010-10-13,165.0,3.0
2010-10-20,170.0,5.0
2010-10-27,170.0,0.0
2010-11-03,174.0,4.0
2010-11-10,177.0,3.0
2010-11-17,182.0,5.0
2010-11-24,184.0,2.0
2010-12-01,188.0,4.0
2010-12-08,191.0,3.0
2010-12-15,196.0,5.0
2010-12-22,190.0,-6.0
2010-12-29,196.0,6.0
2011-01-05,112.0,-84.0
2011-01-12,119.0,7.0
2011-01-19,120.0,1.0
2011-01-26,126.0,6.0
2011-02-02,123.0,-3.0
2011-02-09,133.0,10.0
2011-02-16,131.0,-2.0
2011-02-23,143.0,12.0
2011-03-02,139.0,-4.0
2011-03-09,150.0,11.0
2011-03-16,144.0,-6.0
2011-03-23,154.0,10.0
2011-03-30,152.0,-2.0
2011-04-06,157.0,5.0
2011-04-13,156.0,-1.0
2011-04-20,164.0,8.0
2011-04-27,161.0,-3.0
2011-05-04,167.0,6.0
2011-05-11,166.0,-1.0
2011-05-18,173.0,7.0
2011-05-25,173.0,0.0
2011-06-01,178.0,5.0
2011-06-08,178.0,0.0
2011-06-15,185.0,7.0
2011-06-22,186.0,1.0
2011-06-29,195.0,9.0
2011-07-06,118.0,-77.0
2011-07-13,128.0,10.0
2011-07-20,125.0,-3.0
2011-07-27,133.0,8.0
2011-08-03,128.0,-5.0
2011-08-10,141.0,13.0
2011-08-17,136.0,-5.0
2011-08-24,146.0,10.0
2011-08-31,142.0,-4.0
2011-09-07,148.0,6.0
2011-09-14,151.0,3.0
2011-09-21,157.0,6.0
2011-09-28,158.0,1.0
2011-10-05,158.0,0.0
2011-10-12,159.0,1.0
2011-10-19,164.0,5.0
2011-10-26,166.0,2.0
2011-11-02,167.0,1.0
2011-11-09,169.0,2.0
2011-11-16,179.0,10.0
2011-11-23,177.0,-2.0
2011-11-30,178.0,1.0
2011-12-07,178.0,0.0
2011-12-14,207.0,29.0
2011-12-21,199.0,-8.0
2011-12-28,206.0,7.0
2012-01-04,115.0,-91.0
2012-01-11,203.0,88.0
2012-01-18,142.0,-61.0
2012-01-25,147.0,5.0
2012-02-01,181.0,34.0
2012-02-08,188.0,7.0
2012-02-15,193.0,5.0
2012-02-22,204.0,11.0
2012-02-29,182.0,-22.0
2012-03-07,189.0,7.0
2012-03-14,205.0,16.0
2012-03-21,210.0,5.0
2012-03-28,201.0,-9.0
2012-04-04,204.0,3.0
2012-04-11,204.0,0.0
2012-04-18,224.0,20.0
2012-04-25,211.0,-13.0
2012-05-02,210.0,-1.0
2012-05-09,209.0,-1.0
2012-05-16,226.0,17.0
2012-05-23,230.0,4.0
2012-05-30,222.0,-8.0
2012-06-06,221.0,-1.0
2012-06-13,367.0,146.0
2012-06-20,261.0,-106.0
2012-06-27,235.0,-26.0
2012-07-04,159.0,-76.0
2012-07-11,167.0,8.0
2012-07-18,184.0,17.0
2012-07-25,178.0,-6.0
2012-08-01,173.0,-5.0
2012-08-08,179.0,6.0
2012-08-15,191.0,12.0
2012-08-22,196.0,5.0
2012-08-29,192.0,-4.0
2012-09-05,195.0,3.0
2012-09-12,196.0,1.0
2012-09-19,218.0,22.0
2012-09-26,207.0,-11.0
2012-10-03,259.0,52.0
2012-10-10,262.0,3.0
2012-10-17,293.0,31.0
2012-10-24,277.0,-16.0
2012-10-31,263.0,-14.0
2012-11-07,262.0,-1.0
2012-11-14,547.0,285.0
2012-11-21,329.0,-218.0
2012-11-28,288.0,-41.0
2012-12-05,290.0,2.0
2012-12-12,590.0,300.0
2012-12-19,328.0,-262.0
2012-12-26,313.0,-15.0
2013-01-02,221.0,-92.0
2013-01-09,232.0,11.0
2013-01-16,280.0,48.0
2013-01-23,284.0,4.0
2013-01-30,252.0,-32.0
2013-02-06,217.0,-35.0
2013-02-13,266.0,49.0
2013-02-20,263.0,-3.0
2013-02-27,230.0,-33.0
2013-03-06,261.0,31.0
2013-03-13,335.0,74.0
2013-03-20,325.0,-10.0
2013-03-27,272.0,-53.0
2013-04-03,267.0,-5.0
2013-04-10,273.0,6.0
2013-04-17,295.0,22.0
2013-04-24,266.0,-29.0
2013-05-01,266.0,0.0
2013-05-08,264.0,-2.0
2013-05-15,298.0,34.0
2013-05-22,296.0,-2.0
2013-05-29,306.0,10.0
2013-06-05,205.0,-101.0
2013-06-12,210.0,5.0
2013-06-19,241.0,31.0
2013-06-26,238.0,-3.0
2013-07-03,163.0,-75.0
2013-07-10,167.0,4.0
2013-07-17,180.0,13.0
2013-07-24,192.0,12.0
2013-07-31,211.0,19.0
2013-08-07,211.0,0.0
2013-08-14,265.0,54.0
2013-08-21,235.0,-30.0
2013-08-28,245.0,10.0
2013-09-04,226.0,-19.0
2013-09-11,227.0,1.0
2013-09-18,246.0,19.0
2013-09-25,243.0,-3.0
2013-10-02,270.0,27.0
2013-10-09,274.0,4.0
2013-10-16,312.0,38.0
2013-10-23,291.0,-21.0
2013-10-30,289.0,-2.0
2013-11-06,260.0,-29.0
2013-11-13,358.0,98.0
2013-11-20,275.0,-83.0
2013-11-27,276.0,1.0
2013-12-04,238.0,-38.0
2013-12-11,352.0,114.0
2013-12-18,253.0,-99.0
2013-12-25,252.0,-1.0
2014-01-01,174.0,-78.0
2014-01-08,181.0,7.0
2014-01-15,192.0,11.0
2014-01-22,179.0,-13.0
2014-01-29,175.0,-4.0
2014-02-05,193.0,18.0
2014-02-12,196.0,3.0
2014-02-19,230.0,34.0
2014-02-26,209.0,-21.0
2014-03-05,195.0,-14.0
2014-03-12,196.0,1.0
2014-03-19,214.0,18.0
2014-03-26,208.0,-6.0
2014-04-02,196.0,-12.0
2014-04-09,191.0,-5.0
2014-04-16,225.0,34.0
2014-04-23,205.0,-20.0
2014-04-30,204.0,-1.0
2014-05-07,204.0,0.0
2014-05-14,227.0,23.0
2014-05-21,219.0,-8.0
2014-05-28,222.0,3.0
2014-06-04,227.0,5.0
2014-06-11,235.0,8.0
2014-06-18,242.0,7.0
2014-06-25,245.0,3.0
2014-07-02,172.0,-73.0
2014-07-09,180.0,8.0
2014-07-16,190.0,10.0
2014-07-23,195.0,5.0
2014-07-30,194.0,-1.0
2014-08-06,183.0,-11.0
2014-08-13,196.0,13.0
2014-08-20,196.0,0.0
2014-08-27,195.0,-1.0
2014-09-03,210.0,15.0
2014-09-10,211.0,1.0
2014-09-17,225.0,14.0
2014-09-24,221.0,-4.0
2014-10-01,197.0,-24.0
2014-10-08,202.0,5.0
2014-10-15,221.0,19.0
2014-10-22,210.0,-11.0
2014-10-29,216.0,6.0
2014-11-05,204.0,-12.0
2014-11-12,211.0,7.0
2014-11-19,217.0,6.0
2014-11-26,216.0,-1.0
2014-12-03,201.0,-15.0
2014-12-10,207.0,6.0
2014-12-17,212.0,5.0
2014-12-24,217.0,5.0
2014-12-31,146.0,-71.0
2015-01-07,151.0,5.0
2015-01-14,210.0,59.0
2015-01-21,200.0,-10.0
2015-01-28,179.0,-21.0
2015-02-04,173.0,-6.0
2015-02-11,175.0,2.0
2015-02-18,190.0,15.0
2015-02-25,191.0,1.0
2015-03-04,180.0,-11.0
2015-03-11,184.0,4.0
2015-03-18,193.0,9.0
2015-03-25,188.0,-5.0
2015-04-01,189.0,1.0
2015-04-08,193.0,4.0
2015-04-15,216.0,23.0
2015-04-22,233.0,17.0
2015-04-29,207.0,-26.0
2015-05-06,202.0,-5.0
2015-05-13,278.0,76.0
2015-05-20,227.0,-51.0
2015-05-27,218.0,-9.0
2015-06-03,216.0,-2.0
2015-06-10,225.0,9.0
2015-06-17,228.0,3.0
2015-06-24,233.0,5.0
2015-07-01,163.0,-70.0
2015-07-08,175.0,12.0
2015-07-15,195.0,20.0
2015-07-22,187.0,-8.0
2015-07-29,184.0,-3.0
