Date,Values,Delta Calculations
2002-12-18,-41.0, 
2002-12-25,-40.0,1.0
2003-01-01,-41.0,-1.0
2003-01-08,-40.0,1.0
2003-01-15,-39.0,1.0
2003-01-22,-39.0,0.0
2003-01-29,-39.0,0.0
2003-02-05,-39.0,0.0
2003-02-12,-39.0,0.0
2003-02-19,-39.0,0.0
2003-02-26,-39.0,0.0
2003-03-05,-38.0,1.0
2003-03-12,-38.0,0.0
2003-03-19,-37.0,1.0
2003-03-26,-37.0,0.0
2003-04-02,-37.0,0.0
2003-04-09,-30.0,7.0
2003-04-16,-29.0,1.0
2003-04-23,-29.0,0.0
2003-04-30,-30.0,-1.0
2003-05-07,-29.0,1.0
2003-05-14,-29.0,0.0
2003-05-21,-29.0,0.0
2003-05-28,-29.0,0.0
2003-06-04,-29.0,0.0
2003-06-11,-29.0,0.0
2003-06-18,-29.0,0.0
2003-06-25,-29.0,0.0
2003-07-02,-28.0,1.0
2003-07-09,-28.0,0.0
2003-07-16,-28.0,0.0
2003-07-23,-28.0,0.0
2003-07-30,-27.0,1.0
2003-08-06,-27.0,0.0
2003-08-13,-27.0,0.0
2003-08-20,-28.0,-1.0
2003-08-27,-28.0,0.0
2003-09-03,-28.0,0.0
2003-09-10,-28.0,0.0
2003-09-17,-28.0,0.0
2003-09-24,-28.0,0.0
2003-10-01,-28.0,0.0
2003-10-08,-28.0,0.0
2003-10-15,-28.0,0.0
2003-10-22,-28.0,0.0
2003-10-29,-28.0,0.0
2003-11-05,-28.0,0.0
2003-11-12,-28.0,0.0
2003-11-19,-29.0,-1.0
2003-11-26,-28.0,1.0
2003-12-03,-28.0,0.0
2003-12-10,-28.0,0.0
2003-12-17,-28.0,0.0
2003-12-24,-28.0,0.0
2003-12-31,-28.0,0.0
2004-01-07,-28.0,0.0
2004-01-14,-28.0,0.0
2004-01-21,-28.0,0.0
2004-01-28,-28.0,0.0
2004-02-04,-28.0,0.0
2004-02-11,-28.0,0.0
2004-02-18,-28.0,0.0
2004-02-25,-28.0,0.0
2004-03-03,-28.0,0.0
2004-03-10,-28.0,0.0
2004-03-17,-28.0,0.0
2004-03-24,-28.0,0.0
2004-03-31,-28.0,0.0
2004-04-07,-26.0,2.0
2004-04-14,-26.0,0.0
2004-04-21,-26.0,0.0
2004-04-28,-26.0,0.0
2004-05-05,-26.0,0.0
2004-05-12,-26.0,0.0
2004-05-19,-27.0,-1.0
2004-05-26,-28.0,-1.0
2004-06-02,-28.0,0.0
2004-06-09,-29.0,-1.0
2004-06-16,-30.0,-1.0
2004-06-23,-30.0,0.0
2004-06-30,-31.0,-1.0
2004-07-07,-32.0,-1.0
2004-07-14,-32.0,0.0
2004-07-21,-33.0,-1.0
2004-07-28,-33.0,0.0
2004-08-04,-34.0,-1.0
2004-08-11,-34.0,0.0
2004-08-18,-35.0,-1.0
2004-08-25,-36.0,-1.0
2004-09-01,-37.0,-1.0
2004-09-08,-37.0,0.0
2004-09-15,-37.0,0.0
2004-09-22,-38.0,-1.0
2004-09-29,-38.0,0.0
2004-10-06,-39.0,-1.0
2004-10-13,-40.0,-1.0
2004-10-20,-39.0,1.0
2004-10-27,-39.0,0.0
2004-11-03,-40.0,-1.0
2004-11-10,-40.0,0.0
2004-11-17,-42.0,-2.0
2004-11-24,-43.0,-1.0
2004-12-01,-44.0,-1.0
2004-12-08,-45.0,-1.0
2004-12-15,-45.0,0.0
2004-12-22,-45.0,0.0
2004-12-29,-46.0,-1.0
2005-01-05,-47.0,-1.0
2005-01-12,-47.0,0.0
2005-01-19,-47.0,0.0
2005-01-26,-48.0,-1.0
2005-02-02,-48.0,0.0
2005-02-09,-49.0,-1.0
2005-02-16,-50.0,-1.0
2005-02-23,-50.0,0.0
2005-03-02,-52.0,-2.0
2005-03-09,-52.0,0.0
2005-03-16,-53.0,-1.0
2005-03-23,-53.0,0.0
2005-03-30,-54.0,-1.0
2005-04-06,-55.0,-1.0
2005-04-13,-66.0,-11.0
2005-04-20,-66.0,0.0
2005-04-27,-66.0,0.0
2005-05-04,-66.0,0.0
2005-05-11,-66.0,0.0
2005-05-18,-67.0,-1.0
2005-05-25,-67.0,0.0
2005-06-01,-69.0,-2.0
2005-06-08,-69.0,0.0
2005-06-15,-70.0,-1.0
2005-06-22,-70.0,0.0
2005-06-29,-70.0,0.0
2005-07-06,-71.0,-1.0
2005-07-13,-71.0,0.0
2005-07-20,-72.0,-1.0
2005-07-27,-72.0,0.0
2005-08-03,-73.0,-1.0
2005-08-10,-74.0,-1.0
2005-08-17,-77.0,-3.0
2005-08-24,-79.0,-2.0
2005-08-31,-80.0,-1.0
2005-09-07,-80.0,0.0
2005-09-14,-83.0,-3.0
2005-09-21,-83.0,0.0
2005-09-28,-85.0,-2.0
2005-10-05,-86.0,-1.0
2005-10-12,-87.0,-1.0
2005-10-19,-87.0,0.0
2005-10-26,-89.0,-2.0
2005-11-02,-90.0,-1.0
2005-11-09,-91.0,-1.0
2005-11-16,-93.0,-2.0
2005-11-23,-94.0,-1.0
2005-11-30,-96.0,-2.0
2005-12-07,-96.0,0.0
2005-12-14,-96.0,0.0
2005-12-21,-96.0,0.0
2005-12-28,-96.0,0.0
2006-01-04,-96.0,0.0
2006-01-11,-96.0,0.0
2006-01-18,-97.0,-1.0
2006-01-25,-98.0,-1.0
2006-02-01,-101.0,-3.0
2006-02-08,-102.0,-1.0
2006-02-15,-105.0,-3.0
2006-02-22,-106.0,-1.0
2006-03-01,-108.0,-2.0
2006-03-08,-109.0,-1.0
2006-03-15,-112.0,-3.0
2006-03-22,-112.0,0.0
2006-03-29,-113.0,-1.0
2006-04-05,-113.0,0.0
2006-04-12,-112.0,1.0
2006-04-19,-135.0,-23.0
2006-04-26,-136.0,-1.0
2006-05-03,-137.0,-1.0
2006-05-10,-136.0,1.0
2006-05-17,-140.0,-4.0
2006-05-24,-143.0,-3.0
2006-05-31,-143.0,0.0
2006-06-07,-148.0,-5.0
2006-06-14,-149.0,-1.0
2006-06-21,-150.0,-1.0
2006-06-28,-150.0,0.0
2006-07-05,-152.0,-2.0
2006-07-12,-152.0,0.0
2006-07-19,-154.0,-2.0
2006-07-26,-154.0,0.0
2006-08-02,-159.0,-5.0
2006-08-09,-160.0,-1.0
2006-08-16,-167.0,-7.0
2006-08-23,-167.0,0.0
2006-08-30,-169.0,-2.0
2006-09-06,-170.0,-1.0
2006-09-13,-173.0,-3.0
2006-09-20,-174.0,-1.0
2006-09-27,-174.0,0.0
2006-10-04,-174.0,0.0
2006-10-11,-173.0,1.0
2006-10-18,-173.0,0.0
2006-10-25,-172.0,1.0
2006-11-01,-174.0,-2.0
2006-11-08,-174.0,0.0
2006-11-15,-174.0,0.0
2006-11-22,-172.0,2.0
2006-11-29,-173.0,-1.0
2006-12-06,-172.0,1.0
2006-12-13,-172.0,0.0
2006-12-20,-171.0,1.0
2006-12-27,-170.0,1.0
2007-01-03,-169.0,1.0
2007-01-10,-168.0,1.0
2007-01-17,-167.0,1.0
2007-01-24,-166.0,1.0
2007-01-31,-166.0,0.0
2007-02-07,-165.0,1.0
2007-02-14,-165.0,0.0
2007-02-21,-166.0,-1.0
2007-02-28,-167.0,-1.0
2007-03-07,-168.0,-1.0
2007-03-14,-168.0,0.0
2007-03-21,-169.0,-1.0
2007-03-28,-168.0,1.0
2007-04-04,-168.0,0.0
2007-04-11,-166.0,2.0
2007-04-18,-168.0,-2.0
2007-04-25,-167.0,1.0
2007-05-02,-166.0,1.0
2007-05-09,-165.0,1.0
2007-05-16,-167.0,-2.0
2007-05-23,-166.0,1.0
2007-05-30,-165.0,1.0
2007-06-06,-166.0,-1.0
2007-06-13,-166.0,0.0
2007-06-20,-167.0,-1.0
2007-06-27,-167.0,0.0
2007-07-04,-168.0,-1.0
2007-07-11,-168.0,0.0
2007-07-18,-168.0,0.0
2007-07-25,-168.0,0.0
2007-08-01,-170.0,-2.0
2007-08-08,-171.0,-1.0
2007-08-15,-176.0,-5.0
2007-08-22,-176.0,0.0
2007-08-29,-172.0,4.0
2007-09-05,-172.0,0.0
2007-09-12,-172.0,0.0
2007-09-19,-170.0,2.0
2007-09-26,-168.0,2.0
2007-10-03,-164.0,4.0
2007-10-10,-162.0,2.0
2007-10-17,-160.0,2.0
2007-10-24,-158.0,2.0
2007-10-31,-157.0,1.0
2007-11-07,-155.0,2.0
2007-11-14,-154.0,1.0
2007-11-21,-152.0,2.0
2007-11-28,-152.0,0.0
2007-12-05,-150.0,2.0
2007-12-12,-148.0,2.0
2007-12-19,-146.0,2.0
2007-12-26,-137.0,9.0
2008-01-02,-129.0,8.0
2008-01-09,-121.0,8.0
2008-01-16,-120.0,1.0
2008-01-23,-118.0,2.0
2008-01-30,-114.0,4.0
2008-02-06,-112.0,2.0
2008-02-13,-111.0,1.0
2008-02-20,-114.0,-3.0
2008-02-27,-112.0,2.0
2008-03-05,-110.0,2.0
2008-03-12,-106.0,4.0
2008-03-19,-93.0,13.0
2008-03-26,-80.0,13.0
2008-04-02,-75.0,5.0
2008-04-09,-72.0,3.0
2008-04-16,-70.0,2.0
2008-04-23,-68.0,2.0
2008-04-30,-68.0,0.0
2008-05-07,-66.0,2.0
2008-05-14,-62.0,4.0
2008-05-21,-67.0,-5.0
2008-05-28,-65.0,2.0
2008-06-04,-64.0,1.0
2008-06-11,-63.0,1.0
2008-06-18,-63.0,0.0
2008-06-25,-62.0,1.0
2008-07-02,-62.0,0.0
2008-07-09,-61.0,1.0
2008-07-16,-61.0,0.0
2008-07-23,-60.0,1.0
2008-07-30,-60.0,0.0
2008-08-06,-62.0,-2.0
2008-08-13,-61.0,1.0
2008-08-20,-66.0,-5.0
2008-08-27,-65.0,1.0
2008-09-03,-65.0,0.0
2008-09-10,-64.0,1.0
2008-09-17,-63.0,1.0
2008-09-24,-65.0,-2.0
2008-10-01,-67.0,-2.0
2008-10-08,-66.0,1.0
2008-10-15,-71.0,-5.0
2008-10-22,-70.0,1.0
2008-10-29,-70.0,0.0
2008-11-05,-71.0,-1.0
2008-11-12,-70.0,1.0
2008-11-19,-68.0,2.0
2008-11-26,-67.0,1.0
2008-12-03,-67.0,0.0
2008-12-10,-66.0,1.0
2008-12-17,-66.0,0.0
2008-12-24,-65.0,1.0
2008-12-31,-65.0,0.0
2009-01-07,-65.0,0.0
2009-01-14,-64.0,1.0
2009-01-21,-64.0,0.0
2009-01-28,-64.0,0.0
2009-02-04,-64.0,0.0
2009-02-11,-64.0,0.0
2009-02-18,-64.0,0.0
2009-02-25,-64.0,0.0
2009-03-04,-65.0,-1.0
2009-03-11,-64.0,1.0
2009-03-18,-73.0,-9.0
2009-03-25,-73.0,0.0
2009-04-01,-65.0,8.0
2009-04-08,-63.0,2.0
2009-04-15,-64.0,-1.0
2009-04-22,-23.0,41.0
2009-04-29,-22.0,1.0
2009-05-06,-23.0,-1.0
2009-05-13,-23.0,0.0
2009-05-20,-24.0,-1.0
2009-05-27,-24.0,0.0
2009-06-03,-24.0,0.0
2009-06-10,-24.0,0.0
2009-06-17,-27.0,-3.0
2009-06-24,-27.0,0.0
2009-07-01,-28.0,-1.0
2009-07-08,-29.0,-1.0
2009-07-15,-37.0,-8.0
2009-07-22,-38.0,-1.0
2009-07-29,-39.0,-1.0
2009-08-05,-39.0,0.0
2009-08-12,-42.0,-3.0
2009-08-19,-49.0,-7.0
2009-08-26,-50.0,-1.0
2009-09-02,-47.0,3.0
2009-09-09,-47.0,0.0
2009-09-16,-48.0,-1.0
2009-09-23,-49.0,-1.0
2009-09-30,-49.0,0.0
2009-10-07,-49.0,0.0
2009-10-14,-49.0,0.0
2009-10-21,-49.0,0.0
2009-10-28,-49.0,0.0
2009-11-04,-49.0,0.0
2009-11-11,-49.0,0.0
2009-11-18,-50.0,-1.0
2009-11-25,-50.0,0.0
2009-12-02,-50.0,0.0
2009-12-09,-50.0,0.0
2009-12-16,-50.0,0.0
2009-12-23,-50.0,0.0
2009-12-30,-50.0,0.0
2010-01-06,-50.0,0.0
2010-01-13,-50.0,0.0
2010-01-20,-51.0,-1.0
2010-01-27,-51.0,0.0
2010-02-03,-51.0,0.0
2010-02-10,-51.0,0.0
2010-02-17,-52.0,-1.0
2010-02-24,-52.0,0.0
2010-03-03,-52.0,0.0
2010-03-10,-52.0,0.0
2010-03-17,-52.0,0.0
2010-03-24,-52.0,0.0
2010-03-31,-52.0,0.0
2010-04-07,-52.0,0.0
2010-04-14,-53.0,-1.0
2010-04-21,-81.0,-28.0
2010-04-28,-81.0,0.0
2010-05-05,-81.0,0.0
2010-05-12,-80.0,1.0
2010-05-19,-81.0,-1.0
2010-05-26,-81.0,0.0
2010-06-02,-81.0,0.0
2010-06-09,-81.0,0.0
2010-06-16,-80.0,1.0
2010-06-23,-80.0,0.0
2010-06-30,-80.0,0.0
2010-07-07,-80.0,0.0
2010-07-14,-80.0,0.0
2010-07-21,-80.0,0.0
2010-07-28,-80.0,0.0
2010-08-04,-80.0,0.0
2010-08-11,-79.0,1.0
2010-08-18,-80.0,-1.0
2010-08-25,-78.0,2.0
2010-09-01,-78.0,0.0
2010-09-08,-77.0,1.0
2010-09-15,-76.0,1.0
2010-09-22,-76.0,0.0
2010-09-29,-74.0,2.0
2010-10-06,-73.0,1.0
2010-10-13,-73.0,0.0
2010-10-20,-72.0,1.0
2010-10-27,-71.0,1.0
2010-11-03,-71.0,0.0
2010-11-10,-70.0,1.0
2010-11-17,-69.0,1.0
2010-11-24,-65.0,4.0
2010-12-01,-65.0,0.0
2010-12-08,-65.0,0.0
2010-12-15,-65.0,0.0
2010-12-22,-67.0,-2.0
2010-12-29,-67.0,0.0
2011-01-05,-68.0,-1.0
2011-01-12,-71.0,-3.0
2011-01-19,-72.0,-1.0
2011-01-26,-76.0,-4.0
2011-02-02,-76.0,0.0
2011-02-09,-82.0,-6.0
2011-02-16,-90.0,-8.0
2011-02-23,-92.0,-2.0
2011-03-02,-93.0,-1.0
2011-03-09,-95.0,-2.0
2011-03-16,-95.0,0.0
2011-03-23,-95.0,0.0
2011-03-30,-95.0,0.0
2011-04-06,-97.0,-2.0
2011-04-13,-98.0,-1.0
2011-04-20,-143.0,-45.0
2011-04-27,-142.0,1.0
2011-05-04,-144.0,-2.0
2011-05-11,-143.0,1.0
2011-05-18,-143.0,0.0
2011-05-25,-141.0,2.0
2011-06-01,-140.0,1.0
2011-06-08,-140.0,0.0
2011-06-15,-137.0,3.0
2011-06-22,-136.0,1.0
2011-06-29,-134.0,2.0
2011-07-06,-135.0,-1.0
2011-07-13,-135.0,0.0
2011-07-20,-134.0,1.0
2011-07-27,-132.0,2.0
2011-08-03,-131.0,1.0
2011-08-10,-131.0,0.0
2011-08-17,-130.0,1.0
2011-08-24,-127.0,3.0
2011-08-31,-120.0,7.0
2011-09-07,-119.0,1.0
2011-09-14,-118.0,1.0
2011-09-21,-117.0,1.0
2011-09-28,-113.0,4.0
2011-10-05,-107.0,6.0
2011-10-12,-101.0,6.0
2011-10-19,-95.0,6.0
2011-10-26,-92.0,3.0
2011-11-02,-91.0,1.0
2011-11-09,-90.0,1.0
2011-11-16,-89.0,1.0
2011-11-23,-88.0,1.0
2011-11-30,-87.0,1.0
2011-12-07,-86.0,1.0
2011-12-14,-85.0,1.0
2011-12-21,-83.0,2.0
2011-12-28,-82.0,1.0
2012-01-04,-82.0,0.0
2012-01-11,-81.0,1.0
2012-01-18,-80.0,1.0
2012-01-25,-80.0,0.0
2012-02-01,-79.0,1.0
2012-02-08,-79.0,0.0
2012-02-15,-81.0,-2.0
2012-02-22,-80.0,1.0
2012-02-29,-79.0,1.0
2012-03-07,-79.0,0.0
2012-03-14,-78.0,1.0
2012-03-21,-80.0,-2.0
2012-03-28,-80.0,0.0
2012-04-04,-80.0,0.0
2012-04-11,-79.0,1.0
2012-04-18,-78.0,1.0
2012-04-25,-77.0,1.0
2012-05-02,-77.0,0.0
2012-05-09,-77.0,0.0
2012-05-16,-77.0,0.0
2012-05-23,-76.0,1.0
2012-05-30,-76.0,0.0
2012-06-06,-75.0,1.0
2012-06-13,-75.0,0.0
2012-06-20,-72.0,3.0
2012-06-27,-71.0,1.0
2012-07-04,-70.0,1.0
2012-07-11,-70.0,0.0
2012-07-18,-68.0,2.0
2012-07-25,-68.0,0.0
2012-08-01,-65.0,3.0
2012-08-08,-65.0,0.0
2012-08-15,-64.0,1.0
2012-08-22,-63.0,1.0
2012-08-29,-61.0,2.0
2012-09-05,-60.0,1.0
2012-09-12,-58.0,2.0
2012-09-19,-59.0,-1.0
2012-09-26,-57.0,2.0
2012-10-03,-56.0,1.0
2012-10-10,-56.0,0.0
2012-10-17,-55.0,1.0
2012-10-24,-55.0,0.0
2012-10-31,-53.0,2.0
2012-11-07,-53.0,0.0
2012-11-14,-53.0,0.0
2012-11-21,-52.0,1.0
2012-11-28,-51.0,1.0
2012-12-05,-51.0,0.0
2012-12-12,-51.0,0.0
2012-12-19,-51.0,0.0
2012-12-26,-52.0,-1.0
2013-01-02,-52.0,0.0
2013-01-09,-53.0,-1.0
2013-01-16,-53.0,0.0
2013-01-23,-54.0,-1.0
2013-01-30,-55.0,-1.0
2013-02-06,-55.0,0.0
2013-02-13,-55.0,0.0
2013-02-20,-55.0,0.0
2013-02-27,-55.0,0.0
2013-03-06,-54.0,1.0
2013-03-13,-55.0,-1.0
2013-03-20,-55.0,0.0
2013-03-27,-55.0,0.0
2013-04-03,-54.0,1.0
2013-04-10,-55.0,-1.0
2013-04-17,-48.0,7.0
2013-04-24,-48.0,0.0
2013-05-01,-48.0,0.0
2013-05-08,-48.0,0.0
2013-05-15,-48.0,0.0
2013-05-22,-49.0,-1.0
2013-05-29,-50.0,-1.0
2013-06-05,-55.0,-5.0
2013-06-12,-60.0,-5.0
2013-06-19,-62.0,-2.0
2013-06-26,-67.0,-5.0
2013-07-03,-70.0,-3.0
2013-07-10,-73.0,-3.0
2013-07-17,-84.0,-11.0
2013-07-24,-88.0,-4.0
2013-07-31,-93.0,-5.0
2013-08-07,-96.0,-3.0
2013-08-14,-113.0,-17.0
2013-08-21,-127.0,-14.0
2013-08-28,-142.0,-15.0
2013-09-04,-155.0,-13.0
2013-09-11,-170.0,-15.0
2013-09-18,-187.0,-17.0
2013-09-25,-201.0,-14.0
2013-10-02,-211.0,-10.0
2013-10-09,-221.0,-10.0
2013-10-16,-229.0,-8.0
2013-10-23,-240.0,-11.0
2013-10-30,-244.0,-4.0
2013-11-06,-252.0,-8.0
2013-11-13,-262.0,-10.0
2013-11-20,-283.0,-21.0
2013-11-27,-296.0,-13.0
2013-12-04,-302.0,-6.0
2013-12-11,-322.0,-20.0
2013-12-18,-339.0,-17.0
2013-12-25,-358.0,-19.0
2014-01-01,-358.0,0.0
2014-01-08,-366.0,-8.0
2014-01-15,-378.0,-12.0
2014-01-22,-392.0,-14.0
2014-01-29,-408.0,-16.0
2014-02-05,-417.0,-9.0
2014-02-12,-428.0,-11.0
2014-02-19,-439.0,-11.0
2014-02-26,-451.0,-12.0
2014-03-05,-462.0,-11.0
2014-03-12,-472.0,-10.0
2014-03-19,-477.0,-5.0
2014-03-26,-486.0,-9.0
2014-04-02,-497.0,-11.0
2014-04-09,-416.0,81.0
2014-04-16,-419.0,-3.0
2014-04-23,-422.0,-3.0
2014-04-30,-424.0,-2.0
2014-05-07,-426.0,-2.0
2014-05-14,-428.0,-2.0
2014-05-21,-429.0,-1.0
2014-05-28,-430.0,-1.0
2014-06-04,-434.0,-4.0
2014-06-11,-438.0,-4.0
2014-06-18,-439.0,-1.0
2014-06-25,-442.0,-3.0
2014-07-02,-444.0,-2.0
2014-07-09,-444.0,0.0
2014-07-16,-445.0,-1.0
2014-07-23,-444.0,1.0
2014-07-30,-446.0,-2.0
2014-08-06,-447.0,-1.0
2014-08-13,-448.0,-1.0
2014-08-20,-447.0,1.0
2014-08-27,-448.0,-1.0
2014-09-03,-447.0,1.0
2014-09-10,-447.0,0.0
2014-09-17,-448.0,-1.0
2014-09-24,-448.0,0.0
2014-10-01,-449.0,-1.0
2014-10-08,-449.0,0.0
2014-10-15,-448.0,1.0
2014-10-22,-449.0,-1.0
2014-10-29,-448.0,1.0
2014-11-05,-447.0,1.0
2014-11-12,-446.0,1.0
2014-11-19,-446.0,0.0
2014-11-26,-445.0,1.0
2014-12-03,-444.0,1.0
2014-12-10,-443.0,1.0
2014-12-17,-442.0,1.0
2014-12-24,-441.0,1.0
2014-12-31,-441.0,0.0
2015-01-07,-440.0,1.0
2015-01-14,-439.0,1.0
2015-01-21,-438.0,1.0
2015-01-28,-437.0,1.0
2015-02-04,-437.0,0.0
2015-02-11,-436.0,1.0
2015-02-18,-435.0,1.0
2015-02-25,-434.0,1.0
2015-03-04,-433.0,1.0
2015-03-11,-433.0,0.0
2015-03-18,-432.0,1.0
2015-03-25,-431.0,1.0
2015-04-01,-430.0,1.0
2015-04-08,-429.0,1.0
2015-04-15,-428.0,1.0
2015-04-22,-444.0,-16.0
2015-04-29,-443.0,1.0
2015-05-06,-442.0,1.0
2015-05-13,-441.0,1.0
2015-05-20,-441.0,0.0
2015-05-27,-440.0,1.0
2015-06-03,-439.0,1.0
2015-06-10,-438.0,1.0
2015-06-17,-437.0,1.0
2015-06-24,-436.0,1.0
2015-07-01,-436.0,0.0
2015-07-08,-435.0,1.0
2015-07-15,-434.0,1.0
2015-07-22,-433.0,1.0
2015-07-29,-433.0,0.0
