Date,Values,Delta Calculations
2002-12-18,47.0, 
2002-12-25,45.0,-2.0
2003-01-01,43.0,-2.0
2003-01-08,42.0,-1.0
2003-01-15,46.0,4.0
2003-01-22,48.0,2.0
2003-01-29,50.0,2.0
2003-02-05,52.0,2.0
2003-02-12,53.0,1.0
2003-02-19,52.0,-1.0
2003-02-26,49.0,-3.0
2003-03-05,48.0,-1.0
2003-03-12,46.0,-2.0
2003-03-19,44.0,-2.0
2003-03-26,47.0,3.0
2003-04-02,45.0,-2.0
2003-04-09,44.0,-1.0
2003-04-16,42.0,-2.0
2003-04-23,43.0,1.0
2003-04-30,42.0,-1.0
2003-05-07,40.0,-2.0
2003-05-14,39.0,-1.0
2003-05-21,38.0,-1.0
2003-05-28,37.0,-1.0
2003-06-04,35.0,-2.0
2003-06-11,38.0,3.0
2003-06-18,39.0,1.0
2003-06-25,42.0,3.0
2003-07-02,38.0,-4.0
2003-07-09,35.0,-3.0
2003-07-16,35.0,0.0
2003-07-23,37.0,2.0
2003-07-30,38.0,1.0
2003-08-06,39.0,1.0
2003-08-13,39.0,0.0
2003-08-20,42.0,3.0
2003-08-27,39.0,-3.0
2003-09-03,36.0,-3.0
2003-09-10,36.0,0.0
2003-09-17,36.0,0.0
2003-09-24,34.0,-2.0
2003-10-01,35.0,1.0
2003-10-08,35.0,0.0
2003-10-15,34.0,-1.0
2003-10-22,32.0,-2.0
2003-10-29,37.0,5.0
2003-11-05,37.0,0.0
2003-11-12,36.0,-1.0
2003-11-19,37.0,1.0
2003-11-26,34.0,-3.0
2003-12-03,32.0,-2.0
2003-12-10,34.0,2.0
2003-12-17,38.0,4.0
2003-12-24,36.0,-2.0
2003-12-31,33.0,-3.0
2004-01-07,32.0,-1.0
2004-01-14,33.0,1.0
2004-01-21,36.0,3.0
2004-01-28,38.0,2.0
2004-02-04,44.0,6.0
2004-02-11,44.0,0.0
2004-02-18,45.0,1.0
2004-02-25,45.0,0.0
2004-03-03,45.0,0.0
2004-03-10,45.0,0.0
2004-03-17,44.0,-1.0
2004-03-24,43.0,-1.0
2004-03-31,42.0,-1.0
2004-04-07,40.0,-2.0
2004-04-14,38.0,-2.0
2004-04-21,42.0,4.0
2004-04-28,39.0,-3.0
2004-05-05,39.0,0.0
2004-05-12,37.0,-2.0
2004-05-19,38.0,1.0
2004-05-26,38.0,0.0
2004-06-02,34.0,-4.0
2004-06-09,32.0,-2.0
2004-06-16,37.0,5.0
2004-06-23,36.0,-1.0
2004-06-30,36.0,0.0
2004-07-07,33.0,-3.0
2004-07-14,35.0,2.0
2004-07-21,35.0,0.0
2004-07-28,39.0,4.0
2004-08-04,42.0,3.0
2004-08-11,44.0,2.0
2004-08-18,44.0,0.0
2004-08-25,43.0,-1.0
2004-09-01,45.0,2.0
2004-09-08,47.0,2.0
2004-09-15,46.0,-1.0
2004-09-22,45.0,-1.0
2004-09-29,44.0,-1.0
2004-10-06,43.0,-1.0
2004-10-13,44.0,1.0
2004-10-20,44.0,0.0
2004-10-27,43.0,-1.0
2004-11-03,53.0,10.0
2004-11-10,54.0,1.0
2004-11-17,53.0,-1.0
2004-11-24,54.0,1.0
2004-12-01,52.0,-2.0
2004-12-08,52.0,0.0
2004-12-15,52.0,0.0
2004-12-22,52.0,0.0
2004-12-29,51.0,-1.0
2005-01-05,51.0,0.0
2005-01-12,52.0,1.0
2005-01-19,54.0,2.0
2005-01-26,54.0,0.0
2005-02-02,59.0,5.0
2005-02-09,59.0,0.0
2005-02-16,62.0,3.0
2005-02-23,61.0,-1.0
2005-03-02,59.0,-2.0
2005-03-09,57.0,-2.0
2005-03-16,55.0,-2.0
2005-03-23,54.0,-1.0
2005-03-30,52.0,-2.0
2005-04-06,54.0,2.0
2005-04-13,56.0,2.0
2005-04-20,57.0,1.0
2005-04-27,56.0,-1.0
2005-05-04,55.0,-1.0
2005-05-11,54.0,-1.0
2005-05-18,51.0,-3.0
2005-05-25,50.0,-1.0
2005-06-01,45.0,-5.0
2005-06-08,46.0,1.0
2005-06-15,45.0,-1.0
2005-06-22,48.0,3.0
2005-06-29,46.0,-2.0
2005-07-06,46.0,0.0
2005-07-13,48.0,2.0
2005-07-20,46.0,-2.0
2005-07-27,48.0,2.0
2005-08-03,48.0,0.0
2005-08-10,48.0,0.0
2005-08-17,49.0,1.0
2005-08-24,49.0,0.0
2005-08-31,49.0,0.0
2005-09-07,49.0,0.0
2005-09-14,52.0,3.0
2005-09-21,54.0,2.0
2005-09-28,55.0,1.0
2005-10-05,56.0,1.0
2005-10-12,57.0,1.0
2005-10-19,55.0,-2.0
2005-10-26,56.0,1.0
2005-11-02,54.0,-2.0
2005-11-09,54.0,0.0
2005-11-16,54.0,0.0
2005-11-23,55.0,1.0
2005-11-30,52.0,-3.0
2005-12-07,57.0,5.0
2005-12-14,59.0,2.0
2005-12-21,57.0,-2.0
2005-12-28,56.0,-1.0
2006-01-04,54.0,-2.0
2006-01-11,53.0,-1.0
2006-01-18,56.0,3.0
2006-01-25,60.0,4.0
2006-02-01,62.0,2.0
2006-02-08,65.0,3.0
2006-02-15,64.0,-1.0
2006-02-22,66.0,2.0
2006-03-01,66.0,0.0
2006-03-08,65.0,-1.0
2006-03-15,65.0,0.0
2006-03-22,63.0,-2.0
2006-03-29,64.0,1.0
2006-04-05,62.0,-2.0
2006-04-12,61.0,-1.0
2006-04-19,59.0,-2.0
2006-04-26,67.0,8.0
2006-05-03,81.0,14.0
2006-05-10,79.0,-2.0
2006-05-17,76.0,-3.0
2006-05-24,75.0,-1.0
2006-05-31,71.0,-4.0
2006-06-07,68.0,-3.0
2006-06-14,68.0,0.0
2006-06-21,69.0,1.0
2006-06-28,67.0,-2.0
2006-07-05,66.0,-1.0
2006-07-12,70.0,4.0
2006-07-19,73.0,3.0
2006-07-26,72.0,-1.0
2006-08-02,73.0,1.0
2006-08-09,73.0,0.0
2006-08-16,72.0,-1.0
2006-08-23,72.0,0.0
2006-08-30,70.0,-2.0
2006-09-06,69.0,-1.0
2006-09-13,71.0,2.0
2006-09-20,77.0,6.0
2006-09-27,78.0,1.0
2006-10-04,77.0,-1.0
2006-10-11,76.0,-1.0
2006-10-18,75.0,-1.0
2006-10-25,78.0,3.0
2006-11-01,77.0,-1.0
2006-11-08,77.0,0.0
2006-11-15,74.0,-3.0
2006-11-22,75.0,1.0
2006-11-29,73.0,-2.0
2006-12-06,76.0,3.0
2006-12-13,79.0,3.0
2006-12-20,79.0,0.0
2006-12-27,77.0,-2.0
2007-01-03,73.0,-4.0
2007-01-10,80.0,7.0
2007-01-17,88.0,8.0
2007-01-24,95.0,7.0
2007-01-31,103.0,8.0
2007-02-07,100.0,-3.0
2007-02-14,103.0,3.0
2007-02-21,99.0,-4.0
2007-02-28,99.0,0.0
2007-03-07,98.0,-1.0
2007-03-14,99.0,1.0
2007-03-21,99.0,0.0
2007-03-28,98.0,-1.0
2007-04-04,96.0,-2.0
2007-04-11,88.0,-8.0
2007-04-18,88.0,0.0
2007-04-25,101.0,13.0
2007-05-02,112.0,11.0
2007-05-09,102.0,-10.0
2007-05-16,97.0,-5.0
2007-05-23,91.0,-6.0
2007-05-30,88.0,-3.0
2007-06-06,87.0,-1.0
2007-06-13,86.0,-1.0
2007-06-20,90.0,4.0
2007-06-27,95.0,5.0
2007-07-04,97.0,2.0
2007-07-11,95.0,-2.0
2007-07-18,95.0,0.0
2007-07-25,102.0,7.0
2007-08-01,108.0,6.0
2007-08-08,107.0,-1.0
2007-08-15,102.0,-5.0
2007-08-22,99.0,-3.0
2007-08-29,95.0,-4.0
2007-09-05,95.0,0.0
2007-09-12,96.0,1.0
2007-09-19,100.0,4.0
2007-09-26,102.0,2.0
2007-10-03,100.0,-2.0
2007-10-10,103.0,3.0
2007-10-17,103.0,0.0
2007-10-24,110.0,7.0
2007-10-31,114.0,4.0
2007-11-07,114.0,0.0
2007-11-14,112.0,-2.0
2007-11-21,113.0,1.0
2007-11-28,111.0,-2.0
2007-12-05,115.0,4.0
2007-12-12,112.0,-3.0
2007-12-19,112.0,0.0
2007-12-26,111.0,-1.0
2008-01-02,112.0,1.0
2008-01-09,114.0,2.0
2008-01-16,119.0,5.0
2008-01-23,127.0,8.0
2008-01-30,128.0,1.0
2008-02-06,127.0,-1.0
2008-02-13,131.0,4.0
2008-02-20,127.0,-4.0
2008-02-27,128.0,1.0
2008-03-05,128.0,0.0
2008-03-12,123.0,-5.0
2008-03-19,124.0,1.0
2008-03-26,123.0,-1.0
2008-04-02,124.0,1.0
2008-04-09,126.0,2.0
2008-04-16,134.0,8.0
2008-04-23,136.0,2.0
2008-04-30,137.0,1.0
2008-05-07,133.0,-4.0
2008-05-14,125.0,-8.0
2008-05-21,115.0,-10.0
2008-05-28,111.0,-4.0
2008-06-04,109.0,-2.0
2008-06-11,109.0,0.0
2008-06-18,107.0,-2.0
2008-06-25,113.0,6.0
2008-07-02,113.0,0.0
2008-07-09,108.0,-5.0
2008-07-16,112.0,4.0
2008-07-23,116.0,4.0
2008-07-30,120.0,4.0
2008-08-06,119.0,-1.0
2008-08-13,120.0,1.0
2008-08-20,122.0,2.0
2008-08-27,125.0,3.0
2008-09-03,122.0,-3.0
2008-09-10,121.0,-1.0
2008-09-17,125.0,4.0
2008-09-24,129.0,4.0
2008-10-01,130.0,1.0
2008-10-08,130.0,0.0
2008-10-15,128.0,-2.0
2008-10-22,130.0,2.0
2008-10-29,133.0,3.0
2008-11-05,132.0,-1.0
2008-11-12,132.0,0.0
2008-11-19,130.0,-2.0
2008-11-26,132.0,2.0
2008-12-03,130.0,-2.0
2008-12-10,132.0,2.0
2008-12-17,135.0,3.0
2008-12-24,136.0,1.0
2008-12-31,136.0,0.0
2009-01-07,138.0,2.0
2009-01-14,143.0,5.0
2009-01-21,147.0,4.0
2009-01-28,149.0,2.0
2009-02-04,152.0,3.0
2009-02-11,155.0,3.0
2009-02-18,156.0,1.0
2009-02-25,155.0,-1.0
2009-03-04,154.0,-1.0
2009-03-11,152.0,-2.0
2009-03-18,149.0,-3.0
2009-03-25,149.0,0.0
2009-04-01,149.0,0.0
2009-04-08,149.0,0.0
2009-04-15,147.0,-2.0
2009-04-22,147.0,0.0
2009-04-29,150.0,3.0
2009-05-06,155.0,5.0
2009-05-13,153.0,-2.0
2009-05-20,148.0,-5.0
2009-05-27,143.0,-5.0
2009-06-03,141.0,-2.0
2009-06-10,143.0,2.0
2009-06-17,141.0,-2.0
2009-06-24,140.0,-1.0
2009-07-01,141.0,1.0
2009-07-08,143.0,2.0
2009-07-15,144.0,1.0
2009-07-22,148.0,4.0
2009-07-29,157.0,9.0
2009-08-05,160.0,3.0
2009-08-12,158.0,-2.0
2009-08-19,157.0,-1.0
2009-08-26,155.0,-2.0
2009-09-02,153.0,-2.0
2009-09-09,150.0,-3.0
2009-09-16,147.0,-3.0
2009-09-23,143.0,-4.0
2009-09-30,144.0,1.0
2009-10-07,144.0,0.0
2009-10-14,144.0,0.0
2009-10-21,149.0,5.0
2009-10-28,153.0,4.0
2009-11-04,155.0,2.0
2009-11-11,153.0,-2.0
2009-11-18,151.0,-2.0
2009-11-25,147.0,-4.0
2009-12-02,147.0,0.0
2009-12-09,147.0,0.0
2009-12-16,151.0,4.0
2009-12-23,152.0,1.0
2009-12-30,153.0,1.0
2010-01-06,155.0,2.0
2010-01-13,158.0,3.0
2010-01-20,161.0,3.0
2010-01-27,169.0,8.0
2010-02-03,168.0,-1.0
2010-02-10,168.0,0.0
2010-02-17,164.0,-4.0
2010-02-24,160.0,-4.0
2010-03-03,160.0,0.0
2010-03-10,158.0,-2.0
2010-03-17,155.0,-3.0
2010-03-24,155.0,0.0
2010-03-31,152.0,-3.0
2010-04-07,151.0,-1.0
2010-04-14,150.0,-1.0
2010-04-21,154.0,4.0
2010-04-28,153.0,-1.0
2010-05-05,150.0,-3.0
2010-05-12,148.0,-2.0
2010-05-19,147.0,-1.0
2010-05-26,146.0,-1.0
2010-06-02,143.0,-3.0
2010-06-09,143.0,0.0
2010-06-16,144.0,1.0
2010-06-23,144.0,0.0
2010-06-30,141.0,-3.0
2010-07-07,141.0,0.0
2010-07-14,144.0,3.0
2010-07-21,149.0,5.0
2010-07-28,152.0,3.0
2010-08-04,150.0,-2.0
2010-08-11,149.0,-1.0
2010-08-18,150.0,1.0
2010-08-25,151.0,1.0
2010-09-01,150.0,-1.0
2010-09-08,150.0,0.0
2010-09-15,152.0,2.0
2010-09-22,155.0,3.0
2010-09-29,154.0,-1.0
2010-10-06,155.0,1.0
2010-10-13,154.0,-1.0
2010-10-20,158.0,4.0
2010-10-27,162.0,4.0
2010-11-03,163.0,1.0
2010-11-10,160.0,-3.0
2010-11-17,159.0,-1.0
2010-11-24,154.0,-5.0
2010-12-01,155.0,1.0
2010-12-08,158.0,3.0
2010-12-15,161.0,3.0
2010-12-22,161.0,0.0
2010-12-29,162.0,1.0
2011-01-05,165.0,3.0
2011-01-12,167.0,2.0
2011-01-19,170.0,3.0
2011-01-26,175.0,5.0
2011-02-02,177.0,2.0
2011-02-09,177.0,0.0
2011-02-16,175.0,-2.0
2011-02-23,169.0,-6.0
2011-03-02,163.0,-6.0
2011-03-09,162.0,-1.0
2011-03-16,162.0,0.0
2011-03-23,162.0,0.0
2011-03-30,162.0,0.0
2011-04-06,162.0,0.0
2011-04-13,160.0,-2.0
2011-04-20,167.0,7.0
2011-04-27,165.0,-2.0
2011-05-04,163.0,-2.0
2011-05-11,162.0,-1.0
2011-05-18,159.0,-3.0
2011-05-25,155.0,-4.0
2011-06-01,151.0,-4.0
2011-06-08,153.0,2.0
2011-06-15,153.0,0.0
2011-06-22,154.0,1.0
2011-06-29,153.0,-1.0
2011-07-06,153.0,0.0
2011-07-13,153.0,0.0
2011-07-20,160.0,7.0
2011-07-27,161.0,1.0
2011-08-03,161.0,0.0
2011-08-10,163.0,2.0
2011-08-17,161.0,-2.0
2011-08-24,162.0,1.0
2011-08-31,162.0,0.0
2011-09-07,162.0,0.0
2011-09-14,160.0,-2.0
2011-09-21,163.0,3.0
2011-09-28,162.0,-1.0
2011-10-05,160.0,-2.0
2011-10-12,163.0,3.0
2011-10-19,169.0,6.0
2011-10-26,172.0,3.0
2011-11-02,171.0,-1.0
2011-11-09,170.0,-1.0
2011-11-16,167.0,-3.0
2011-11-23,165.0,-2.0
2011-11-30,166.0,1.0
2011-12-07,168.0,2.0
2011-12-14,170.0,2.0
2011-12-21,171.0,1.0
2011-12-28,172.0,1.0
2012-01-04,172.0,0.0
2012-01-11,174.0,2.0
2012-01-18,177.0,3.0
2012-01-25,180.0,3.0
2012-02-01,181.0,1.0
2012-02-08,184.0,3.0
2012-02-15,181.0,-3.0
2012-02-22,179.0,-2.0
2012-02-29,169.0,-10.0
2012-03-07,167.0,-2.0
2012-03-14,167.0,0.0
2012-03-21,167.0,0.0
2012-03-28,164.0,-3.0
2012-04-04,163.0,-1.0
2012-04-11,161.0,-2.0
2012-04-18,158.0,-3.0
2012-04-25,157.0,-1.0
2012-05-02,156.0,-1.0
2012-05-09,156.0,0.0
2012-05-16,153.0,-3.0
2012-05-23,151.0,-2.0
2012-05-30,149.0,-2.0
2012-06-06,147.0,-2.0
2012-06-13,148.0,1.0
2012-06-20,148.0,0.0
2012-06-27,148.0,0.0
2012-07-04,146.0,-2.0
2012-07-11,147.0,1.0
2012-07-18,146.0,-1.0
2012-07-25,147.0,1.0
2012-08-01,148.0,1.0
2012-08-08,149.0,1.0
2012-08-15,149.0,0.0
2012-08-22,149.0,0.0
2012-08-29,147.0,-2.0
2012-09-05,146.0,-1.0
2012-09-12,146.0,0.0
2012-09-19,147.0,1.0
2012-09-26,149.0,2.0
2012-10-03,148.0,-1.0
2012-10-10,148.0,0.0
2012-10-17,148.0,0.0
2012-10-24,147.0,-1.0
2012-10-31,147.0,0.0
2012-11-07,145.0,-2.0
2012-11-14,146.0,1.0
2012-11-21,142.0,-4.0
2012-11-28,141.0,-1.0
2012-12-05,144.0,3.0
2012-12-12,145.0,1.0
2012-12-19,145.0,0.0
2012-12-26,144.0,-1.0
2013-01-02,145.0,1.0
2013-01-09,147.0,2.0
2013-01-16,149.0,2.0
2013-01-23,151.0,2.0
2013-01-30,155.0,4.0
2013-02-06,159.0,4.0
2013-02-13,158.0,-1.0
2013-02-20,157.0,-1.0
2013-02-27,157.0,0.0
2013-03-06,156.0,-1.0
2013-03-13,157.0,1.0
2013-03-20,156.0,-1.0
2013-03-27,154.0,-2.0
2013-04-03,154.0,0.0
2013-04-10,152.0,-2.0
2013-04-17,150.0,-2.0
2013-04-24,148.0,-2.0
2013-05-01,146.0,-2.0
2013-05-08,142.0,-4.0
2013-05-15,140.0,-2.0
2013-05-22,136.0,-4.0
2013-05-29,133.0,-3.0
2013-06-05,132.0,-1.0
2013-06-12,132.0,0.0
2013-06-19,134.0,2.0
2013-06-26,133.0,-1.0
2013-07-03,133.0,0.0
2013-07-10,135.0,2.0
2013-07-17,136.0,1.0
2013-07-24,137.0,1.0
2013-07-31,136.0,-1.0
2013-08-07,137.0,1.0
2013-08-14,139.0,2.0
2013-08-21,139.0,0.0
2013-08-28,137.0,-2.0
2013-09-04,136.0,-1.0
2013-09-11,136.0,0.0
2013-09-18,136.0,0.0
2013-09-25,136.0,0.0
2013-10-02,136.0,0.0
2013-10-09,136.0,0.0
2013-10-16,134.0,-2.0
2013-10-23,132.0,-2.0
2013-10-30,132.0,0.0
2013-11-06,134.0,2.0
2013-11-13,132.0,-2.0
2013-11-20,131.0,-1.0
2013-11-27,128.0,-3.0
2013-12-04,129.0,1.0
2013-12-11,129.0,0.0
2013-12-18,130.0,1.0
2013-12-25,131.0,1.0
2014-01-01,130.0,-1.0
2014-01-08,130.0,0.0
2014-01-15,131.0,1.0
2014-01-22,132.0,1.0
2014-01-29,132.0,0.0
2014-02-05,136.0,4.0
2014-02-12,138.0,2.0
2014-02-19,135.0,-3.0
2014-02-26,135.0,0.0
2014-03-05,132.0,-3.0
2014-03-12,130.0,-2.0
2014-03-19,127.0,-3.0
2014-03-26,125.0,-2.0
2014-04-02,126.0,1.0
2014-04-09,124.0,-2.0
2014-04-16,124.0,0.0
2014-04-23,121.0,-3.0
2014-04-30,122.0,1.0
2014-05-07,121.0,-1.0
2014-05-14,126.0,5.0
2014-05-21,122.0,-4.0
2014-05-28,118.0,-4.0
2014-06-04,118.0,0.0
2014-06-11,119.0,1.0
2014-06-18,119.0,0.0
2014-06-25,118.0,-1.0
2014-07-02,119.0,1.0
2014-07-09,119.0,0.0
2014-07-16,121.0,2.0
2014-07-23,123.0,2.0
2014-07-30,123.0,0.0
2014-08-06,123.0,0.0
2014-08-13,124.0,1.0
2014-08-20,125.0,1.0
2014-08-27,124.0,-1.0
2014-09-03,121.0,-3.0
2014-09-10,123.0,2.0
2014-09-17,121.0,-2.0
2014-09-24,123.0,2.0
2014-10-01,121.0,-2.0
2014-10-08,120.0,-1.0
2014-10-15,120.0,0.0
2014-10-22,119.0,-1.0
2014-10-29,117.0,-2.0
2014-11-05,118.0,1.0
2014-11-12,117.0,-1.0
2014-11-19,118.0,1.0
2014-11-26,115.0,-3.0
2014-12-03,114.0,-1.0
2014-12-10,119.0,5.0
2014-12-17,121.0,2.0
2014-12-24,119.0,-2.0
2014-12-31,120.0,1.0
2015-01-07,120.0,0.0
2015-01-14,120.0,0.0
2015-01-21,122.0,2.0
2015-01-28,124.0,2.0
2015-02-04,127.0,3.0
2015-02-11,126.0,-1.0
2015-02-18,125.0,-1.0
2015-02-25,121.0,-4.0
2015-03-04,119.0,-2.0
2015-03-11,120.0,1.0
2015-03-18,119.0,-1.0
2015-03-25,116.0,-3.0
2015-04-01,116.0,0.0
2015-04-08,117.0,1.0
2015-04-15,114.0,-3.0
2015-04-22,112.0,-2.0
2015-04-29,119.0,7.0
2015-05-06,121.0,2.0
2015-05-13,125.0,4.0
2015-05-20,122.0,-3.0
2015-05-27,118.0,-4.0
2015-06-03,122.0,4.0
2015-06-10,126.0,4.0
2015-06-17,127.0,1.0
2015-06-24,128.0,1.0
2015-07-01,128.0,0.0
2015-07-08,129.0,1.0
2015-07-15,129.0,0.0
2015-07-22,131.0,2.0
2015-07-29,131.0,0.0
