Date,Values,Delta Calculations
2002-12-18,571.0, 
2002-12-25,783.0,212.0
2003-01-01,685.0,-98.0
2003-01-08,576.0,-109.0
2003-01-15,494.0,-82.0
2003-01-22,860.0,366.0
2003-01-29,1008.0,148.0
2003-02-05,548.0,-460.0
2003-02-12,512.0,-36.0
2003-02-19,696.0,184.0
2003-02-26,401.0,-295.0
2003-03-05,587.0,186.0
2003-03-12,448.0,-139.0
2003-03-19,538.0,90.0
2003-03-26,471.0,-67.0
2003-04-02,632.0,161.0
2003-04-09,572.0,-60.0
2003-04-16,489.0,-83.0
2003-04-23,586.0,97.0
2003-04-30,546.0,-40.0
2003-05-07,533.0,-13.0
2003-05-14,452.0,-81.0
2003-05-21,505.0,53.0
2003-05-28,672.0,167.0
2003-06-04,691.0,19.0
2003-06-11,429.0,-262.0
2003-06-18,605.0,176.0
2003-06-25,609.0,4.0
2003-07-02,648.0,39.0
2003-07-09,460.0,-188.0
2003-07-16,575.0,115.0
2003-07-23,504.0,-71.0
2003-07-30,636.0,132.0
2003-08-06,594.0,-42.0
2003-08-13,496.0,-98.0
2003-08-20,422.0,-74.0
2003-08-27,483.0,61.0
2003-09-03,738.0,255.0
2003-09-10,523.0,-215.0
2003-09-17,516.0,-7.0
2003-09-24,536.0,20.0
2003-10-01,460.0,-76.0
2003-10-08,521.0,61.0
2003-10-15,765.0,244.0
2003-10-22,618.0,-147.0
2003-10-29,464.0,-154.0
2003-11-05,420.0,-44.0
2003-11-12,289.0,-131.0
2003-11-19,567.0,278.0
2003-11-26,460.0,-107.0
2003-12-03,402.0,-58.0
2003-12-10,388.0,-14.0
2003-12-17,419.0,31.0
2003-12-24,654.0,235.0
2003-12-31,521.0,-133.0
2004-01-07,498.0,-23.0
2004-01-14,443.0,-55.0
2004-01-21,731.0,288.0
2004-01-28,411.0,-320.0
2004-02-04,480.0,69.0
2004-02-11,390.0,-90.0
2004-02-18,585.0,195.0
2004-02-25,492.0,-93.0
2004-03-03,541.0,49.0
2004-03-10,402.0,-139.0
2004-03-17,445.0,43.0
2004-03-24,383.0,-62.0
2004-03-31,535.0,152.0
2004-04-07,352.0,-183.0
2004-04-14,532.0,180.0
2004-04-21,494.0,-38.0
2004-04-28,457.0,-37.0
2004-05-05,450.0,-7.0
2004-05-12,440.0,-10.0
2004-05-19,419.0,-21.0
2004-05-26,422.0,3.0
2004-06-02,704.0,282.0
2004-06-09,420.0,-284.0
2004-06-16,429.0,9.0
2004-06-23,392.0,-37.0
2004-06-30,452.0,60.0
2004-07-07,740.0,288.0
2004-07-14,515.0,-225.0
2004-07-21,475.0,-40.0
2004-07-28,493.0,18.0
2004-08-04,468.0,-25.0
2004-08-11,490.0,22.0
2004-08-18,386.0,-104.0
2004-08-25,400.0,14.0
2004-09-01,644.0,244.0
2004-09-08,504.0,-140.0
2004-09-15,431.0,-73.0
2004-09-22,403.0,-28.0
2004-09-29,404.0,1.0
2004-10-06,504.0,100.0
2004-10-13,644.0,140.0
2004-10-20,796.0,152.0
2004-10-27,451.0,-345.0
2004-11-03,508.0,57.0
2004-11-10,408.0,-100.0
2004-11-17,464.0,56.0
2004-11-24,558.0,94.0
2004-12-01,952.0,394.0
2004-12-08,501.0,-451.0
2004-12-15,485.0,-16.0
2004-12-22,499.0,14.0
2004-12-29,447.0,-52.0
2005-01-05,813.0,366.0
2005-01-12,598.0,-215.0
2005-01-19,1444.0,846.0
2005-01-26,608.0,-836.0
2005-02-02,620.0,12.0
2005-02-09,889.0,269.0
2005-02-16,592.0,-297.0
2005-02-23,695.0,103.0
2005-03-02,830.0,135.0
2005-03-09,485.0,-345.0
2005-03-16,512.0,27.0
2005-03-23,526.0,14.0
2005-03-30,479.0,-47.0
2005-04-06,667.0,188.0
2005-04-13,625.0,-42.0
2005-04-20,647.0,22.0
2005-04-27,731.0,84.0
2005-05-04,788.0,57.0
2005-05-11,655.0,-133.0
2005-05-18,616.0,-39.0
2005-05-25,670.0,54.0
2005-06-01,663.0,-7.0
2005-06-08,716.0,53.0
2005-06-15,629.0,-87.0
2005-06-22,640.0,11.0
2005-06-29,571.0,-69.0
2005-07-06,876.0,305.0
2005-07-13,503.0,-373.0
2005-07-20,573.0,70.0
2005-07-27,635.0,62.0
2005-08-03,559.0,-76.0
2005-08-10,637.0,78.0
2005-08-17,900.0,263.0
2005-08-24,500.0,-400.0
2005-08-31,654.0,154.0
2005-09-07,830.0,176.0
2005-09-14,711.0,-119.0
2005-09-21,908.0,197.0
2005-09-28,553.0,-355.0
2005-10-05,698.0,145.0
2005-10-12,2595.0,1897.0
2005-10-19,612.0,-1983.0
2005-10-26,624.0,12.0
2005-11-02,924.0,300.0
2005-11-09,504.0,-420.0
2005-11-16,590.0,86.0
2005-11-23,501.0,-89.0
2005-11-30,616.0,115.0
2005-12-07,646.0,30.0
2005-12-14,522.0,-124.0
2005-12-21,589.0,67.0
2005-12-28,583.0,-6.0
2006-01-04,1222.0,639.0
2006-01-11,744.0,-478.0
2006-01-18,1178.0,434.0
2006-01-25,587.0,-591.0
2006-02-01,792.0,205.0
2006-02-08,641.0,-151.0
2006-02-15,601.0,-40.0
2006-02-22,769.0,168.0
2006-03-01,677.0,-92.0
2006-03-08,600.0,-77.0
2006-03-15,667.0,67.0
2006-03-22,555.0,-112.0
2006-03-29,493.0,-62.0
2006-04-05,534.0,41.0
2006-04-12,541.0,7.0
2006-04-19,648.0,107.0
2006-04-26,828.0,180.0
2006-05-03,688.0,-140.0
2006-05-10,657.0,-31.0
2006-05-17,646.0,-11.0
2006-05-24,805.0,159.0
2006-05-31,752.0,-53.0
2006-06-07,608.0,-144.0
2006-06-14,670.0,62.0
2006-06-21,480.0,-190.0
2006-06-28,621.0,141.0
2006-07-05,544.0,-77.0
2006-07-12,582.0,38.0
2006-07-19,469.0,-113.0
2006-07-26,561.0,92.0
2006-08-02,714.0,153.0
2006-08-09,539.0,-175.0
2006-08-16,629.0,90.0
2006-08-23,571.0,-58.0
2006-08-30,590.0,19.0
2006-09-06,946.0,356.0
2006-09-13,548.0,-398.0
2006-09-20,573.0,25.0
2006-09-27,645.0,72.0
2006-10-04,677.0,32.0
2006-10-11,741.0,64.0
2006-10-18,577.0,-164.0
2006-10-25,577.0,0.0
2006-11-01,499.0,-78.0
2006-11-08,622.0,123.0
2006-11-15,505.0,-117.0
2006-11-22,476.0,-29.0
2006-11-29,440.0,-36.0
2006-12-06,686.0,246.0
2006-12-13,505.0,-181.0
2006-12-20,531.0,26.0
2006-12-27,388.0,-143.0
2007-01-03,468.0,80.0
2007-01-10,606.0,138.0
2007-01-17,588.0,-18.0
2007-01-24,455.0,-133.0
2007-01-31,501.0,46.0
2007-02-07,344.0,-157.0
2007-02-14,359.0,15.0
2007-02-21,542.0,183.0
2007-02-28,427.0,-115.0
2007-03-07,611.0,184.0
2007-03-14,380.0,-231.0
2007-03-21,392.0,12.0
2007-03-28,418.0,26.0
2007-04-04,461.0,43.0
2007-04-11,464.0,3.0
2007-04-18,524.0,60.0
2007-04-25,613.0,89.0
2007-05-02,642.0,29.0
2007-05-09,639.0,-3.0
2007-05-16,440.0,-199.0
2007-05-23,729.0,289.0
2007-05-30,670.0,-59.0
2007-06-06,809.0,139.0
2007-06-13,725.0,-84.0
2007-06-20,719.0,-6.0
2007-06-27,680.0,-39.0
2007-07-04,944.0,264.0
2007-07-11,1416.0,472.0
2007-07-18,621.0,-795.0
2007-07-25,574.0,-47.0
2007-08-01,594.0,20.0
2007-08-08,705.0,111.0
2007-08-15,614.0,-91.0
2007-08-22,628.0,14.0
2007-08-29,596.0,-32.0
2007-09-05,835.0,239.0
2007-09-12,559.0,-276.0
2007-09-19,519.0,-40.0
2007-09-26,503.0,-16.0
2007-10-03,553.0,50.0
2007-10-10,809.0,256.0
2007-10-17,493.0,-316.0
2007-10-24,521.0,28.0
2007-10-31,433.0,-88.0
2007-11-07,591.0,158.0
2007-11-14,745.0,154.0
2007-11-21,416.0,-329.0
2007-11-28,479.0,63.0
2007-12-05,528.0,49.0
2007-12-12,594.0,66.0
2007-12-19,552.0,-42.0
2007-12-26,382.0,-170.0
2008-01-02,503.0,121.0
2008-01-09,548.0,45.0
2008-01-16,513.0,-35.0
2008-01-23,690.0,177.0
2008-01-30,536.0,-154.0
2008-02-06,514.0,-22.0
2008-02-13,449.0,-65.0
2008-02-20,771.0,322.0
2008-02-27,565.0,-206.0
2008-03-05,550.0,-15.0
2008-03-12,546.0,-4.0
2008-03-19,825.0,279.0
2008-03-26,448.0,-377.0
2008-04-02,600.0,152.0
2008-04-09,637.0,37.0
2008-04-16,1060.0,423.0
2008-04-23,1198.0,138.0
2008-04-30,744.0,-454.0
2008-05-07,585.0,-159.0
2008-05-14,542.0,-43.0
2008-05-21,543.0,1.0
2008-05-28,736.0,193.0
2008-06-04,649.0,-87.0
2008-06-11,751.0,102.0
2008-06-18,730.0,-21.0
2008-06-25,597.0,-133.0
2008-07-02,752.0,155.0
2008-07-09,757.0,5.0
2008-07-16,693.0,-64.0
2008-07-23,663.0,-30.0
2008-07-30,654.0,-9.0
2008-08-06,957.0,303.0
2008-08-13,676.0,-281.0
2008-08-20,615.0,-61.0
2008-08-27,836.0,221.0
2008-09-03,684.0,-152.0
2008-09-10,542.0,-142.0
2008-09-17,438.0,-104.0
2008-09-24,450.0,12.0
2008-10-01,436.0,-14.0
2008-10-08,493.0,57.0
2008-10-15,791.0,298.0
2008-10-22,469.0,-322.0
2008-10-29,428.0,-41.0
2008-11-05,531.0,103.0
2008-11-12,691.0,160.0
2008-11-19,504.0,-187.0
2008-11-26,484.0,-20.0
2008-12-03,413.0,-71.0
2008-12-10,428.0,15.0
2008-12-17,443.0,15.0
2008-12-24,445.0,2.0
2008-12-31,456.0,11.0
2009-01-07,708.0,252.0
2009-01-14,498.0,-210.0
2009-01-21,666.0,168.0
2009-01-28,400.0,-266.0
2009-02-04,516.0,116.0
2009-02-11,469.0,-47.0
2009-02-18,719.0,250.0
2009-02-25,493.0,-226.0
2009-03-04,579.0,86.0
2009-03-11,555.0,-24.0
2009-03-18,355.0,-200.0
2009-03-25,438.0,83.0
2009-04-01,474.0,36.0
2009-04-08,464.0,-10.0
2009-04-15,435.0,-29.0
2009-04-22,465.0,30.0
2009-04-29,429.0,-36.0
2009-05-06,457.0,28.0
2009-05-13,418.0,-39.0
2009-05-20,366.0,-52.0
2009-05-27,541.0,175.0
2009-06-03,382.0,-159.0
2009-06-10,337.0,-45.0
2009-06-17,372.0,35.0
2009-06-24,372.0,0.0
2009-07-01,428.0,56.0
2009-07-08,391.0,-37.0
2009-07-15,364.0,-27.0
2009-07-22,344.0,-20.0
2009-07-29,351.0,7.0
2009-08-05,380.0,29.0
2009-08-12,342.0,-38.0
2009-08-19,347.0,5.0
2009-08-26,384.0,37.0
2009-09-02,424.0,40.0
2009-09-09,457.0,33.0
2009-09-16,410.0,-47.0
2009-09-23,398.0,-12.0
2009-09-30,409.0,11.0
2009-10-07,403.0,-6.0
2009-10-14,521.0,118.0
2009-10-21,394.0,-127.0
2009-10-28,434.0,40.0
2009-11-04,442.0,8.0
2009-11-11,460.0,18.0
2009-11-18,381.0,-79.0
2009-11-25,324.0,-57.0
2009-12-02,388.0,64.0
2009-12-09,342.0,-46.0
2009-12-16,444.0,102.0
2009-12-23,385.0,-59.0
2009-12-30,377.0,-8.0
2010-01-06,1262.0,885.0
2010-01-13,893.0,-369.0
2010-01-20,712.0,-181.0
2010-01-27,785.0,73.0
2010-02-03,815.0,30.0
2010-02-10,772.0,-43.0
2010-02-17,675.0,-97.0
2010-02-24,553.0,-122.0
2010-03-03,865.0,312.0
2010-03-10,695.0,-170.0
2010-03-17,598.0,-97.0
2010-03-24,571.0,-27.0
2010-03-31,596.0,25.0
2010-04-07,615.0,19.0
2010-04-14,609.0,-6.0
2010-04-21,565.0,-44.0
2010-04-28,550.0,-15.0
2010-05-05,687.0,137.0
2010-05-12,619.0,-68.0
2010-05-19,573.0,-46.0
2010-05-26,538.0,-35.0
2010-06-02,527.0,-11.0
2010-06-09,567.0,40.0
2010-06-16,550.0,-17.0
2010-06-23,465.0,-85.0
2010-06-30,517.0,52.0
2010-07-07,494.0,-23.0
2010-07-14,506.0,12.0
2010-07-21,515.0,9.0
2010-07-28,586.0,71.0
2010-08-04,543.0,-43.0
2010-08-11,530.0,-13.0
2010-08-18,540.0,10.0
2010-08-25,457.0,-83.0
2010-09-01,527.0,70.0
2010-09-08,485.0,-42.0
2010-09-15,535.0,50.0
2010-09-22,515.0,-20.0
2010-09-29,483.0,-32.0
2010-10-06,550.0,67.0
2010-10-13,473.0,-77.0
2010-10-20,512.0,39.0
2010-10-27,464.0,-48.0
2010-11-03,542.0,78.0
2010-11-10,456.0,-86.0
2010-11-17,515.0,59.0
2010-11-24,518.0,3.0
2010-12-01,423.0,-95.0
2010-12-08,465.0,42.0
2010-12-15,476.0,11.0
2010-12-22,445.0,-31.0
2010-12-29,284.0,-161.0
2011-01-05,505.0,221.0
2011-01-12,387.0,-118.0
2011-01-19,329.0,-58.0
2011-01-26,358.0,29.0
2011-02-02,230.0,-128.0
2011-02-09,375.0,145.0
2011-02-16,323.0,-52.0
2011-02-23,322.0,-1.0
2011-03-02,359.0,37.0
2011-03-09,332.0,-27.0
2011-03-16,264.0,-68.0
2011-03-23,239.0,-25.0
2011-03-30,257.0,18.0
2011-04-06,220.0,-37.0
2011-04-13,216.0,-4.0
2011-04-20,208.0,-8.0
2011-04-27,190.0,-18.0
2011-05-04,218.0,28.0
2011-05-11,200.0,-18.0
2011-05-18,179.0,-21.0
2011-05-25,201.0,22.0
2011-06-01,278.0,77.0
2011-06-08,239.0,-39.0
2011-06-15,272.0,33.0
2011-06-22,214.0,-58.0
2011-06-29,194.0,-20.0
2011-07-06,293.0,99.0
2011-07-13,233.0,-60.0
2011-07-20,217.0,-16.0
2011-07-27,198.0,-19.0
2011-08-03,220.0,22.0
2011-08-10,224.0,4.0
2011-08-17,213.0,-11.0
2011-08-24,214.0,1.0
2011-08-31,215.0,1.0
2011-09-07,299.0,84.0
2011-09-14,228.0,-71.0
2011-09-21,271.0,43.0
2011-09-28,205.0,-66.0
2011-10-05,203.0,-2.0
2011-10-12,273.0,70.0
2011-10-19,200.0,-73.0
2011-10-26,166.0,-34.0
2011-11-02,213.0,47.0
2011-11-09,217.0,4.0
2011-11-16,212.0,-5.0
2011-11-23,172.0,-40.0
2011-11-30,172.0,0.0
2011-12-07,169.0,-3.0
2011-12-14,147.0,-22.0
2011-12-21,176.0,29.0
2011-12-28,206.0,30.0
2012-01-04,227.0,21.0
2012-01-11,147.0,-80.0
2012-01-18,222.0,75.0
2012-01-25,108.0,-114.0
2012-02-01,169.0,61.0
2012-02-08,180.0,11.0
2012-02-15,139.0,-41.0
2012-02-22,211.0,72.0
2012-02-29,140.0,-71.0
2012-03-07,155.0,15.0
2012-03-14,216.0,61.0
2012-03-21,96.0,-120.0
2012-03-28,97.0,1.0
2012-04-04,127.0,30.0
2012-04-11,111.0,-16.0
2012-04-18,111.0,0.0
2012-04-25,156.0,45.0
2012-05-02,117.0,-39.0
2012-05-09,124.0,7.0
2012-05-16,54.0,-70.0
2012-05-23,50.0,-4.0
2012-05-30,59.0,9.0
2012-06-06,49.0,-10.0
2012-06-13,56.0,7.0
2012-06-20,60.0,4.0
2012-06-27,54.0,-6.0
2012-07-04,84.0,30.0
2012-07-11,60.0,-24.0
2012-07-18,50.0,-10.0
2012-07-25,42.0,-8.0
2012-08-01,59.0,17.0
2012-08-08,60.0,1.0
2012-08-15,50.0,-10.0
2012-08-22,55.0,5.0
2012-08-29,41.0,-14.0
2012-09-05,69.0,28.0
2012-09-12,49.0,-20.0
2012-09-19,55.0,6.0
2012-09-26,52.0,-3.0
2012-10-03,44.0,-8.0
2012-10-10,81.0,37.0
2012-10-17,47.0,-34.0
2012-10-24,43.0,-4.0
2012-10-31,8.0,-35.0
2012-11-07,41.0,33.0
2012-11-14,29.0,-12.0
2012-11-21,25.0,-4.0
2012-11-28,28.0,3.0
2012-12-05,20.0,-8.0
2012-12-12,23.0,3.0
2012-12-19,32.0,9.0
2012-12-26,25.0,-7.0
2013-01-02,0.0,-25.0
2013-01-09,0.0,0.0
2013-01-16,0.0,0.0
2013-01-23,0.0,0.0
2013-01-30,0.0,0.0
2013-02-06,0.0,0.0
2013-02-13,0.0,0.0
2013-02-20,0.0,0.0
2013-02-27,0.0,0.0
2013-03-06,0.0,0.0
2013-03-13,0.0,0.0
2013-03-20,0.0,0.0
2013-03-27,0.0,0.0
2013-04-03,0.0,0.0
2013-04-10,0.0,0.0
2013-04-17,0.0,0.0
2013-04-24,0.0,0.0
2013-05-01,0.0,0.0
2013-05-08,0.0,0.0
2013-05-15,0.0,0.0
2013-05-22,0.0,0.0
2013-05-29,0.0,0.0
2013-06-05,0.0,0.0
2013-06-12,0.0,0.0
2013-06-19,0.0,0.0
2013-06-26,0.0,0.0
2013-07-03,0.0,0.0
2013-07-10,0.0,0.0
2013-07-17,0.0,0.0
2013-07-24,0.0,0.0
2013-07-31,0.0,0.0
2013-08-07,0.0,0.0
2013-08-14,0.0,0.0
2013-08-21,0.0,0.0
2013-08-28,0.0,0.0
2013-09-04,0.0,0.0
2013-09-11,0.0,0.0
2013-09-18,0.0,0.0
2013-09-25,0.0,0.0
2013-10-02,0.0,0.0
2013-10-09,0.0,0.0
2013-10-16,0.0,0.0
2013-10-23,0.0,0.0
2013-10-30,0.0,0.0
2013-11-06,0.0,0.0
2013-11-13,0.0,0.0
2013-11-20,0.0,0.0
2013-11-27,0.0,0.0
2013-12-04,0.0,0.0
2013-12-11,0.0,0.0
2013-12-18,0.0,0.0
2013-12-25,0.0,0.0
2014-01-01,0.0,0.0
2014-01-08,0.0,0.0
2014-01-15,0.0,0.0
2014-01-22,0.0,0.0
2014-01-29,0.0,0.0
2014-02-05,0.0,0.0
2014-02-12,0.0,0.0
2014-02-19,0.0,0.0
2014-02-26,0.0,0.0
2014-03-05,0.0,0.0
2014-03-12,0.0,0.0
2014-03-19,0.0,0.0
2014-03-26,0.0,0.0
2014-04-02,0.0,0.0
2014-04-09,0.0,0.0
2014-04-16,0.0,0.0
2014-04-23,0.0,0.0
2014-04-30,0.0,0.0
2014-05-07,0.0,0.0
2014-05-14,0.0,0.0
2014-05-21,0.0,0.0
2014-05-28,0.0,0.0
2014-06-04,0.0,0.0
2014-06-11,0.0,0.0
2014-06-18,0.0,0.0
2014-06-25,0.0,0.0
2014-07-02,0.0,0.0
2014-07-09,0.0,0.0
2014-07-16,0.0,0.0
2014-07-23,0.0,0.0
2014-07-30,0.0,0.0
2014-08-06,0.0,0.0
2014-08-13,0.0,0.0
2014-08-20,0.0,0.0
2014-08-27,0.0,0.0
2014-09-03,0.0,0.0
2014-09-10,0.0,0.0
2014-09-17,0.0,0.0
2014-09-24,0.0,0.0
2014-10-01,0.0,0.0
2014-10-08,0.0,0.0
2014-10-15,0.0,0.0
2014-10-22,0.0,0.0
2014-10-29,0.0,0.0
2014-11-05,0.0,0.0
2014-11-12,0.0,0.0
2014-11-19,0.0,0.0
2014-11-26,0.0,0.0
2014-12-03,0.0,0.0
2014-12-10,0.0,0.0
2014-12-17,0.0,0.0
2014-12-24,0.0,0.0
2014-12-31,0.0,0.0
2015-01-07,0.0,0.0
2015-01-14,0.0,0.0
2015-01-21,0.0,0.0
2015-01-28,0.0,0.0
2015-02-04,0.0,0.0
2015-02-11,0.0,0.0
2015-02-18,0.0,0.0
2015-02-25,0.0,0.0
2015-03-04,0.0,0.0
2015-03-11,0.0,0.0
2015-03-18,0.0,0.0
2015-03-25,0.0,0.0
2015-04-01,0.0,0.0
2015-04-08,0.0,0.0
2015-04-15,0.0,0.0
2015-04-22,0.0,0.0
2015-04-29,0.0,0.0
2015-05-06,0.0,0.0
2015-05-13,0.0,0.0
2015-05-20,0.0,0.0
2015-05-27,0.0,0.0
2015-06-03,0.0,0.0
2015-06-10,0.0,0.0
2015-06-17,0.0,0.0
2015-06-24,0.0,0.0
2015-07-01,0.0,0.0
2015-07-08,0.0,0.0
2015-07-15,0.0,0.0
2015-07-22,0.0,0.0
2015-07-29,0.0,0.0
