Date,Values,Delta Calculations
2009-01-14,214.0, 
2009-01-21,227.0,13.0
2009-01-28,280.0,53.0
2009-02-04,280.0,0.0
2009-02-11,280.0,0.0
2009-02-18,2476.0,2196.0
2009-02-25,2607.0,131.0
2009-03-04,2613.0,6.0
2009-03-11,2615.0,2.0
2009-03-18,8968.0,6353.0
2009-03-25,8955.0,-13.0
2009-04-01,8973.0,18.0
2009-04-08,8974.0,1.0
2009-04-15,13486.0,4512.0
2009-04-22,14523.0,1037.0
2009-04-29,14466.0,-57.0
2009-05-06,14453.0,-13.0
2009-05-13,17050.0,2597.0
2009-05-20,17047.0,-3.0
2009-05-27,16892.0,-155.0
2009-06-03,16895.0,3.0
2009-06-10,16886.0,-9.0
2009-06-17,18014.0,1128.0
2009-06-24,18459.0,445.0
2009-07-01,18270.0,-189.0
2009-07-08,18271.0,1.0
2009-07-15,20798.0,2527.0
2009-07-22,21550.0,752.0
2009-07-29,21448.0,-102.0
2009-08-05,21448.0,0.0
2009-08-12,21448.0,0.0
2009-08-19,24081.0,2633.0
2009-08-26,24608.0,527.0
2009-09-02,24703.0,95.0
2009-09-09,24703.0,0.0
2009-09-16,27065.0,2362.0
2009-09-23,27403.0,338.0
2009-09-30,27354.0,-49.0
2009-10-07,27351.0,-3.0
2009-10-14,29974.0,2623.0
2009-10-21,30693.0,719.0
2009-10-28,30582.0,-111.0
2009-11-04,30595.0,13.0
2009-11-11,30641.0,46.0
2009-11-18,33465.0,2824.0
2009-11-25,33666.0,201.0
2009-12-02,33668.0,2.0
2009-12-09,33752.0,84.0
2009-12-16,35606.0,1854.0
2009-12-23,35969.0,363.0
2009-12-30,35883.0,-86.0
2010-01-06,35902.0,19.0
2010-01-13,38267.0,2365.0
2010-01-20,38358.0,91.0
2010-01-27,38312.0,-46.0
2010-02-03,38336.0,24.0
2010-02-10,38594.0,258.0
2010-02-17,40517.0,1923.0
2010-02-24,40794.0,277.0
2010-03-03,40568.0,-226.0
2010-03-10,40661.0,93.0
2010-03-17,42133.0,1472.0
2010-03-24,42424.0,291.0
2010-03-31,42222.0,-202.0
2010-04-07,42224.0,2.0
2010-04-14,43533.0,1309.0
2010-04-21,37439.0,-6094.0
2010-04-28,37252.0,-187.0
2010-05-05,37285.0,33.0
2010-05-12,37317.0,32.0
2010-05-19,38035.0,718.0
2010-05-26,37812.0,-223.0
2010-06-02,37836.0,24.0
2010-06-09,37838.0,2.0
2010-06-16,38311.0,473.0
2010-06-23,38347.0,36.0
2010-06-30,37989.0,-358.0
2010-07-07,37995.0,6.0
2010-07-14,38344.0,349.0
2010-07-21,38209.0,-135.0
2010-07-28,37967.0,-242.0
2010-08-04,37976.0,9.0
2010-08-11,38034.0,58.0
2010-08-18,37816.0,-218.0
2010-08-25,37481.0,-335.0
2010-09-01,37481.0,0.0
2010-09-08,37481.0,0.0
2010-09-15,37109.0,-372.0
2010-09-22,37097.0,-12.0
2010-09-29,36644.0,-453.0
2010-10-06,36644.0,0.0
2010-10-13,36644.0,0.0
2010-10-20,36210.0,-434.0
2010-10-27,35710.0,-500.0
2010-11-03,35710.0,0.0
2010-11-10,35710.0,0.0
2010-11-17,35276.0,-434.0
2010-11-24,35260.0,-16.0
2010-12-01,34745.0,-515.0
2010-12-08,34745.0,0.0
2010-12-15,34276.0,-469.0
2010-12-22,34261.0,-15.0
2010-12-29,33709.0,-552.0
2011-01-05,33709.0,0.0
2011-01-12,33709.0,0.0
2011-01-19,33302.0,-407.0
2011-01-26,32789.0,-513.0
2011-02-02,32789.0,0.0
2011-02-09,32789.0,0.0
2011-02-16,32564.0,-225.0
2011-02-23,32556.0,-8.0
2011-03-02,32241.0,-315.0
2011-03-09,32241.0,0.0
2011-03-16,32077.0,-164.0
2011-03-23,32068.0,-9.0
2011-03-30,31840.0,-228.0
2011-04-06,31840.0,0.0
2011-04-13,31840.0,0.0
2011-04-20,25208.0,-6632.0
2011-04-27,25041.0,-167.0
2011-05-04,25041.0,0.0
2011-05-11,25041.0,0.0
2011-05-18,24948.0,-93.0
2011-05-25,24793.0,-155.0
2011-06-01,24793.0,0.0
2011-06-08,24793.0,0.0
2011-06-15,24703.0,-90.0
2011-06-22,24698.0,-5.0
2011-06-29,24550.0,-148.0
2011-07-06,24550.0,0.0
2011-07-13,24550.0,0.0
2011-07-20,24424.0,-126.0
2011-07-27,24238.0,-186.0
2011-08-03,24238.0,0.0
2011-08-10,24238.0,0.0
2011-08-17,24110.0,-128.0
2011-08-24,24104.0,-6.0
2011-08-31,23904.0,-200.0
2011-09-07,23904.0,0.0
2011-09-14,23904.0,0.0
2011-09-21,23750.0,-154.0
2011-09-28,23524.0,-226.0
2011-10-05,23524.0,0.0
2011-10-12,23524.0,0.0
2011-10-19,23286.0,-238.0
2011-10-26,22940.0,-346.0
2011-11-02,22940.0,0.0
2011-11-09,22940.0,0.0
2011-11-16,22744.0,-196.0
2011-11-23,22733.0,-11.0
2011-11-30,22340.0,-393.0
2011-12-07,22340.0,0.0
2011-12-14,23178.0,838.0
2011-12-21,23007.0,-171.0
2011-12-28,22617.0,-390.0
2012-01-04,22629.0,12.0
2012-01-11,22698.0,69.0
2012-01-18,22891.0,193.0
2012-01-25,22572.0,-319.0
2012-02-01,22582.0,10.0
2012-02-08,22583.0,1.0
2012-02-15,22901.0,318.0
2012-02-22,23043.0,142.0
2012-02-29,22712.0,-331.0
2012-03-07,22712.0,0.0
2012-03-14,23065.0,353.0
2012-03-21,22994.0,-71.0
2012-03-28,22603.0,-391.0
2012-04-04,22604.0,1.0
2012-04-11,22604.0,0.0
2012-04-18,21747.0,-857.0
2012-04-25,21555.0,-192.0
2012-05-02,21555.0,0.0
2012-05-09,21555.0,0.0
2012-05-16,21820.0,265.0
2012-05-23,21992.0,172.0
2012-05-30,21655.0,-337.0
2012-06-06,21655.0,0.0
2012-06-13,22067.0,412.0
2012-06-20,22069.0,2.0
2012-06-27,21737.0,-332.0
2012-07-04,21739.0,2.0
2012-07-11,21739.0,0.0
2012-07-18,21942.0,203.0
2012-07-25,21696.0,-246.0
2012-08-01,21699.0,3.0
2012-08-08,21700.0,1.0
2012-08-15,21716.0,16.0
2012-08-22,21847.0,131.0
2012-08-29,21448.0,-399.0
2012-09-05,21451.0,3.0
2012-09-12,21451.0,0.0
2012-09-19,21614.0,163.0
2012-09-26,21229.0,-385.0
2012-10-03,21229.0,0.0
2012-10-10,21229.0,0.0
2012-10-17,21924.0,695.0
2012-10-24,22070.0,146.0
2012-10-31,21663.0,-407.0
2012-11-07,21663.0,0.0
2012-11-14,22603.0,940.0
2012-11-21,22897.0,294.0
2012-11-28,22463.0,-434.0
2012-12-05,22466.0,3.0
2012-12-12,23614.0,1148.0
2012-12-19,23731.0,117.0
2012-12-26,23557.0,-174.0
2013-01-02,23561.0,4.0
2013-01-09,23561.0,0.0
2013-01-16,24092.0,531.0
2013-01-23,24997.0,905.0
2013-01-30,24554.0,-443.0
2013-02-06,24557.0,3.0
2013-02-13,25670.0,1113.0
2013-02-20,26256.0,586.0
2013-02-27,25829.0,-427.0
2013-03-06,25830.0,1.0
2013-03-13,26972.0,1142.0
2013-03-20,27598.0,626.0
2013-03-27,27228.0,-370.0
2013-04-03,27229.0,1.0
2013-04-10,27232.0,3.0
2013-04-17,28760.0,1528.0
2013-04-24,29012.0,252.0
2013-05-01,28643.0,-369.0
2013-05-08,28643.0,0.0
2013-05-15,29382.0,739.0
2013-05-22,30105.0,723.0
2013-05-29,29751.0,-354.0
2013-06-05,29753.0,2.0
2013-06-12,29753.0,0.0
2013-06-19,30876.0,1123.0
2013-06-26,30854.0,-22.0
2013-07-03,30855.0,1.0
2013-07-10,30855.0,0.0
2013-07-17,31529.0,674.0
2013-07-24,32203.0,674.0
2013-07-31,31846.0,-357.0
2013-08-07,31846.0,0.0
2013-08-14,33196.0,1350.0
2013-08-21,33282.0,86.0
2013-08-28,32980.0,-302.0
2013-09-04,32981.0,1.0
2013-09-11,32983.0,2.0
2013-09-18,34216.0,1233.0
2013-09-25,34273.0,57.0
2013-10-02,34277.0,4.0
2013-10-09,34277.0,0.0
2013-10-16,35442.0,1165.0
2013-10-23,35772.0,330.0
2013-10-30,35593.0,-179.0
2013-11-06,35594.0,1.0
2013-11-13,36637.0,1043.0
2013-11-20,36620.0,-17.0
2013-11-27,36772.0,152.0
2013-12-04,36773.0,1.0
2013-12-11,37873.0,1100.0
2013-12-18,37936.0,63.0
2013-12-25,38230.0,294.0
2014-01-01,38057.0,-173.0
2014-01-08,38057.0,0.0
2014-01-15,38952.0,895.0
2014-01-22,39316.0,364.0
2014-01-29,39131.0,-185.0
2014-02-05,39132.0,1.0
2014-02-12,39132.0,0.0
2014-02-19,40063.0,931.0
2014-02-26,40098.0,35.0
2014-03-05,40099.0,1.0
2014-03-12,40099.0,0.0
2014-03-19,40939.0,840.0
2014-03-26,40942.0,3.0
2014-04-02,40942.0,0.0
2014-04-09,35001.0,-5941.0
2014-04-16,35646.0,645.0
2014-04-23,35788.0,142.0
2014-04-30,35629.0,-159.0
2014-05-07,35629.0,0.0
2014-05-14,36157.0,528.0
2014-05-21,36152.0,-5.0
2014-05-28,35981.0,-171.0
2014-06-04,35981.0,0.0
2014-06-11,35982.0,1.0
2014-06-18,36427.0,445.0
2014-06-25,36329.0,-98.0
2014-07-02,36329.0,0.0
2014-07-09,36329.0,0.0
2014-07-16,36614.0,285.0
2014-07-23,36773.0,159.0
2014-07-30,36557.0,-216.0
2014-08-06,36557.0,0.0
2014-08-13,36867.0,310.0
2014-08-20,36722.0,-145.0
2014-08-27,36643.0,-79.0
2014-09-03,36643.0,0.0
2014-09-10,36644.0,1.0
2014-09-17,37128.0,484.0
2014-09-24,37254.0,126.0
2014-10-01,37039.0,-215.0
2014-10-08,37039.0,0.0
2014-10-15,37411.0,372.0
2014-10-22,37454.0,43.0
2014-10-29,37507.0,53.0
2014-11-05,37508.0,1.0
2014-11-12,37508.0,0.0
2014-11-19,37879.0,371.0
2014-11-26,37767.0,-112.0
2014-12-03,37768.0,1.0
2014-12-10,37768.0,0.0
2014-12-17,38033.0,265.0
2014-12-24,38151.0,118.0
2014-12-31,37921.0,-230.0
2015-01-07,37921.0,0.0
2015-01-14,38246.0,325.0
2015-01-21,38220.0,-26.0
2015-01-28,37961.0,-259.0
2015-02-04,37961.0,0.0
2015-02-11,37962.0,1.0
2015-02-18,38187.0,225.0
2015-02-25,37995.0,-192.0
2015-03-04,37995.0,0.0
2015-03-11,37996.0,1.0
2015-03-18,38119.0,123.0
2015-03-25,37814.0,-305.0
2015-04-01,37814.0,0.0
2015-04-08,37814.0,0.0
2015-04-15,37869.0,55.0
2015-04-22,41763.0,3894.0
2015-04-29,41325.0,-438.0
2015-05-06,41325.0,0.0
2015-05-13,41926.0,601.0
2015-05-20,41773.0,-153.0
2015-05-27,41411.0,-362.0
2015-06-03,41411.0,0.0
2015-06-10,41411.0,0.0
2015-06-17,41855.0,444.0
2015-06-24,41987.0,132.0
2015-07-01,41643.0,-344.0
2015-07-08,41643.0,0.0
2015-07-15,41925.0,282.0
2015-07-22,42061.0,136.0
2015-07-29,41710.0,-351.0
