Date,Values,Delta Calculations
2002-12-18,-58.0, 
2002-12-25,-58.0,0.0
2003-01-01,-58.0,0.0
2003-01-08,-57.0,1.0
2003-01-15,-56.0,1.0
2003-01-22,-56.0,0.0
2003-01-29,-56.0,0.0
2003-02-05,-56.0,0.0
2003-02-12,-56.0,0.0
2003-02-19,-56.0,0.0
2003-02-26,-55.0,1.0
2003-03-05,-55.0,0.0
2003-03-12,-54.0,1.0
2003-03-19,-54.0,0.0
2003-03-26,-53.0,1.0
2003-04-02,-53.0,0.0
2003-04-09,-45.0,8.0
2003-04-16,-44.0,1.0
2003-04-23,-44.0,0.0
2003-04-30,-44.0,0.0
2003-05-07,-44.0,0.0
2003-05-14,-44.0,0.0
2003-05-21,-44.0,0.0
2003-05-28,-43.0,1.0
2003-06-04,-43.0,0.0
2003-06-11,-43.0,0.0
2003-06-18,-43.0,0.0
2003-06-25,-43.0,0.0
2003-07-02,-43.0,0.0
2003-07-09,-42.0,1.0
2003-07-16,-42.0,0.0
2003-07-23,-41.0,1.0
2003-07-30,-41.0,0.0
2003-08-06,-41.0,0.0
2003-08-13,-41.0,0.0
2003-08-20,-42.0,-1.0
2003-08-27,-42.0,0.0
2003-09-03,-42.0,0.0
2003-09-10,-42.0,0.0
2003-09-17,-42.0,0.0
2003-09-24,-42.0,0.0
2003-10-01,-42.0,0.0
2003-10-08,-42.0,0.0
2003-10-15,-41.0,1.0
2003-10-22,-41.0,0.0
2003-10-29,-42.0,-1.0
2003-11-05,-42.0,0.0
2003-11-12,-42.0,0.0
2003-11-19,-43.0,-1.0
2003-11-26,-42.0,1.0
2003-12-03,-42.0,0.0
2003-12-10,-42.0,0.0
2003-12-17,-42.0,0.0
2003-12-24,-41.0,1.0
2003-12-31,-42.0,-1.0
2004-01-07,-42.0,0.0
2004-01-14,-42.0,0.0
2004-01-21,-41.0,1.0
2004-01-28,-41.0,0.0
2004-02-04,-42.0,-1.0
2004-02-11,-41.0,1.0
2004-02-18,-42.0,-1.0
2004-02-25,-42.0,0.0
2004-03-03,-42.0,0.0
2004-03-10,-42.0,0.0
2004-03-17,-42.0,0.0
2004-03-24,-41.0,1.0
2004-03-31,-41.0,0.0
2004-04-07,-37.0,4.0
2004-04-14,-37.0,0.0
2004-04-21,-37.0,0.0
2004-04-28,-37.0,0.0
2004-05-05,-37.0,0.0
2004-05-12,-37.0,0.0
2004-05-19,-39.0,-2.0
2004-05-26,-40.0,-1.0
2004-06-02,-41.0,-1.0
2004-06-09,-42.0,-1.0
2004-06-16,-43.0,-1.0
2004-06-23,-44.0,-1.0
2004-06-30,-45.0,-1.0
2004-07-07,-45.0,0.0
2004-07-14,-46.0,-1.0
2004-07-21,-47.0,-1.0
2004-07-28,-47.0,0.0
2004-08-04,-48.0,-1.0
2004-08-11,-49.0,-1.0
2004-08-18,-50.0,-1.0
2004-08-25,-51.0,-1.0
2004-09-01,-53.0,-2.0
2004-09-08,-53.0,0.0
2004-09-15,-54.0,-1.0
2004-09-22,-54.0,0.0
2004-09-29,-54.0,0.0
2004-10-06,-56.0,-2.0
2004-10-13,-57.0,-1.0
2004-10-20,-57.0,0.0
2004-10-27,-57.0,0.0
2004-11-03,-58.0,-1.0
2004-11-10,-58.0,0.0
2004-11-17,-61.0,-3.0
2004-11-24,-62.0,-1.0
2004-12-01,-64.0,-2.0
2004-12-08,-65.0,-1.0
2004-12-15,-65.0,0.0
2004-12-22,-65.0,0.0
2004-12-29,-66.0,-1.0
2005-01-05,-67.0,-1.0
2005-01-12,-67.0,0.0
2005-01-19,-68.0,-1.0
2005-01-26,-68.0,0.0
2005-02-02,-69.0,-1.0
2005-02-09,-70.0,-1.0
2005-02-16,-72.0,-2.0
2005-02-23,-72.0,0.0
2005-03-02,-74.0,-2.0
2005-03-09,-75.0,-1.0
2005-03-16,-76.0,-1.0
2005-03-23,-77.0,-1.0
2005-03-30,-77.0,0.0
2005-04-06,-79.0,-2.0
2005-04-13,-78.0,1.0
2005-04-20,-78.0,0.0
2005-04-27,-79.0,-1.0
2005-05-04,-78.0,1.0
2005-05-11,-78.0,0.0
2005-05-18,-79.0,-1.0
2005-05-25,-80.0,-1.0
2005-06-01,-82.0,-2.0
2005-06-08,-82.0,0.0
2005-06-15,-83.0,-1.0
2005-06-22,-83.0,0.0
2005-06-29,-84.0,-1.0
2005-07-06,-84.0,0.0
2005-07-13,-85.0,-1.0
2005-07-20,-85.0,0.0
2005-07-27,-86.0,-1.0
2005-08-03,-87.0,-1.0
2005-08-10,-88.0,-1.0
2005-08-17,-92.0,-4.0
2005-08-24,-94.0,-2.0
2005-08-31,-95.0,-1.0
2005-09-07,-96.0,-1.0
2005-09-14,-98.0,-2.0
2005-09-21,-99.0,-1.0
2005-09-28,-101.0,-2.0
2005-10-05,-102.0,-1.0
2005-10-12,-103.0,-1.0
2005-10-19,-104.0,-1.0
2005-10-26,-106.0,-2.0
2005-11-02,-107.0,-1.0
2005-11-09,-108.0,-1.0
2005-11-16,-111.0,-3.0
2005-11-23,-111.0,0.0
2005-11-30,-114.0,-3.0
2005-12-07,-114.0,0.0
2005-12-14,-115.0,-1.0
2005-12-21,-115.0,0.0
2005-12-28,-115.0,0.0
2006-01-04,-114.0,1.0
2006-01-11,-115.0,-1.0
2006-01-18,-115.0,0.0
2006-01-25,-117.0,-2.0
2006-02-01,-121.0,-4.0
2006-02-08,-122.0,-1.0
2006-02-15,-125.0,-3.0
2006-02-22,-126.0,-1.0
2006-03-01,-129.0,-3.0
2006-03-08,-130.0,-1.0
2006-03-15,-133.0,-3.0
2006-03-22,-134.0,-1.0
2006-03-29,-135.0,-1.0
2006-04-05,-134.0,1.0
2006-04-12,-133.0,1.0
2006-04-19,-135.0,-2.0
2006-04-26,-136.0,-1.0
2006-05-03,-136.0,0.0
2006-05-10,-136.0,0.0
2006-05-17,-139.0,-3.0
2006-05-24,-142.0,-3.0
2006-05-31,-143.0,-1.0
2006-06-07,-147.0,-4.0
2006-06-14,-148.0,-1.0
2006-06-21,-149.0,-1.0
2006-06-28,-149.0,0.0
2006-07-05,-151.0,-2.0
2006-07-12,-151.0,0.0
2006-07-19,-153.0,-2.0
2006-07-26,-153.0,0.0
2006-08-02,-158.0,-5.0
2006-08-09,-159.0,-1.0
2006-08-16,-166.0,-7.0
2006-08-23,-166.0,0.0
2006-08-30,-168.0,-2.0
2006-09-06,-169.0,-1.0
2006-09-13,-172.0,-3.0
2006-09-20,-173.0,-1.0
2006-09-27,-173.0,0.0
2006-10-04,-173.0,0.0
2006-10-11,-172.0,1.0
2006-10-18,-172.0,0.0
2006-10-25,-172.0,0.0
2006-11-01,-173.0,-1.0
2006-11-08,-173.0,0.0
2006-11-15,-173.0,0.0
2006-11-22,-171.0,2.0
2006-11-29,-172.0,-1.0
2006-12-06,-171.0,1.0
2006-12-13,-171.0,0.0
2006-12-20,-170.0,1.0
2006-12-27,-169.0,1.0
2007-01-03,-168.0,1.0
2007-01-10,-167.0,1.0
2007-01-17,-166.0,1.0
2007-01-24,-165.0,1.0
2007-01-31,-165.0,0.0
2007-02-07,-165.0,0.0
2007-02-14,-164.0,1.0
2007-02-21,-165.0,-1.0
2007-02-28,-167.0,-2.0
2007-03-07,-167.0,0.0
2007-03-14,-167.0,0.0
2007-03-21,-168.0,-1.0
2007-03-28,-167.0,1.0
2007-04-04,-167.0,0.0
2007-04-11,-166.0,1.0
2007-04-18,-155.0,11.0
2007-04-25,-154.0,1.0
2007-05-02,-154.0,0.0
2007-05-09,-153.0,1.0
2007-05-16,-154.0,-1.0
2007-05-23,-153.0,1.0
2007-05-30,-153.0,0.0
2007-06-06,-153.0,0.0
2007-06-13,-154.0,-1.0
2007-06-20,-154.0,0.0
2007-06-27,-154.0,0.0
2007-07-04,-155.0,-1.0
2007-07-11,-155.0,0.0
2007-07-18,-155.0,0.0
2007-07-25,-155.0,0.0
2007-08-01,-158.0,-3.0
2007-08-08,-158.0,0.0
2007-08-15,-163.0,-5.0
2007-08-22,-163.0,0.0
2007-08-29,-160.0,3.0
2007-09-05,-159.0,1.0
2007-09-12,-159.0,0.0
2007-09-19,-158.0,1.0
2007-09-26,-155.0,3.0
2007-10-03,-152.0,3.0
2007-10-10,-150.0,2.0
2007-10-17,-148.0,2.0
2007-10-24,-146.0,2.0
2007-10-31,-145.0,1.0
2007-11-07,-143.0,2.0
2007-11-14,-143.0,0.0
2007-11-21,-141.0,2.0
2007-11-28,-140.0,1.0
2007-12-05,-139.0,1.0
2007-12-12,-137.0,2.0
2007-12-19,-135.0,2.0
2007-12-26,-127.0,8.0
2008-01-02,-119.0,8.0
2008-01-09,-112.0,7.0
2008-01-16,-111.0,1.0
2008-01-23,-109.0,2.0
2008-01-30,-106.0,3.0
2008-02-06,-104.0,2.0
2008-02-13,-102.0,2.0
2008-02-20,-106.0,-4.0
2008-02-27,-104.0,2.0
2008-03-05,-102.0,2.0
2008-03-12,-98.0,4.0
2008-03-19,-86.0,12.0
2008-03-26,-74.0,12.0
2008-04-02,-69.0,5.0
2008-04-09,-67.0,2.0
2008-04-16,-65.0,2.0
2008-04-23,-59.0,6.0
2008-04-30,-59.0,0.0
2008-05-07,-57.0,2.0
2008-05-14,-54.0,3.0
2008-05-21,-58.0,-4.0
2008-05-28,-57.0,1.0
2008-06-04,-56.0,1.0
2008-06-11,-55.0,1.0
2008-06-18,-55.0,0.0
2008-06-25,-54.0,1.0
2008-07-02,-54.0,0.0
2008-07-09,-53.0,1.0
2008-07-16,-53.0,0.0
2008-07-23,-52.0,1.0
2008-07-30,-52.0,0.0
2008-08-06,-54.0,-2.0
2008-08-13,-53.0,1.0
2008-08-20,-57.0,-4.0
2008-08-27,-57.0,0.0
2008-09-03,-56.0,1.0
2008-09-10,-56.0,0.0
2008-09-17,-54.0,2.0
2008-09-24,-57.0,-3.0
2008-10-01,-58.0,-1.0
2008-10-08,-57.0,1.0
2008-10-15,-62.0,-5.0
2008-10-22,-61.0,1.0
2008-10-29,-60.0,1.0
2008-11-05,-61.0,-1.0
2008-11-12,-61.0,0.0
2008-11-19,-59.0,2.0
2008-11-26,-58.0,1.0
2008-12-03,-58.0,0.0
2008-12-10,-58.0,0.0
2008-12-17,-57.0,1.0
2008-12-24,-57.0,0.0
2008-12-31,-56.0,1.0
2009-01-07,-56.0,0.0
2009-01-14,-56.0,0.0
2009-01-21,-56.0,0.0
2009-01-28,-56.0,0.0
2009-02-04,-56.0,0.0
2009-02-11,-55.0,1.0
2009-02-18,-56.0,-1.0
2009-02-25,-56.0,0.0
2009-03-04,-56.0,0.0
2009-03-11,-56.0,0.0
2009-03-18,-64.0,-8.0
2009-03-25,-63.0,1.0
2009-04-01,-56.0,7.0
2009-04-08,-54.0,2.0
2009-04-15,-55.0,-1.0
2009-04-22,-58.0,-3.0
2009-04-29,-57.0,1.0
2009-05-06,-59.0,-2.0
2009-05-13,-59.0,0.0
2009-05-20,-60.0,-1.0
2009-05-27,-61.0,-1.0
2009-06-03,-61.0,0.0
2009-06-10,-60.0,1.0
2009-06-17,-68.0,-8.0
2009-06-24,-69.0,-1.0
2009-07-01,-70.0,-1.0
2009-07-08,-73.0,-3.0
2009-07-15,-94.0,-21.0
2009-07-22,-98.0,-4.0
2009-07-29,-99.0,-1.0
2009-08-05,-100.0,-1.0
2009-08-12,-108.0,-8.0
2009-08-19,-124.0,-16.0
2009-08-26,-128.0,-4.0
2009-09-02,-121.0,7.0
2009-09-09,-120.0,1.0
2009-09-16,-123.0,-3.0
2009-09-23,-124.0,-1.0
2009-09-30,-124.0,0.0
2009-10-07,-124.0,0.0
2009-10-14,-125.0,-1.0
2009-10-21,-124.0,1.0
2009-10-28,-124.0,0.0
2009-11-04,-124.0,0.0
2009-11-11,-124.0,0.0
2009-11-18,-127.0,-3.0
2009-11-25,-127.0,0.0
2009-12-02,-127.0,0.0
2009-12-09,-127.0,0.0
2009-12-16,-127.0,0.0
2009-12-23,-126.0,1.0
2009-12-30,-126.0,0.0
2010-01-06,-126.0,0.0
2010-01-13,-128.0,-2.0
2010-01-20,-130.0,-2.0
2010-01-27,-130.0,0.0
2010-02-03,-129.0,1.0
2010-02-10,-129.0,0.0
2010-02-17,-133.0,-4.0
2010-02-24,-133.0,0.0
2010-03-03,-133.0,0.0
2010-03-10,-133.0,0.0
2010-03-17,-134.0,-1.0
2010-03-24,-133.0,1.0
2010-03-31,-134.0,-1.0
2010-04-07,-133.0,1.0
2010-04-14,-134.0,-1.0
2010-04-21,-117.0,17.0
2010-04-28,-117.0,0.0
2010-05-05,-117.0,0.0
2010-05-12,-117.0,0.0
2010-05-19,-118.0,-1.0
2010-05-26,-118.0,0.0
2010-06-02,-118.0,0.0
2010-06-09,-117.0,1.0
2010-06-16,-117.0,0.0
2010-06-23,-117.0,0.0
2010-06-30,-117.0,0.0
2010-07-07,-117.0,0.0
2010-07-14,-116.0,1.0
2010-07-21,-116.0,0.0
2010-07-28,-116.0,0.0
2010-08-04,-116.0,0.0
2010-08-11,-115.0,1.0
2010-08-18,-116.0,-1.0
2010-08-25,-114.0,2.0
2010-09-01,-114.0,0.0
2010-09-08,-112.0,2.0
2010-09-15,-111.0,1.0
2010-09-22,-110.0,1.0
2010-09-29,-108.0,2.0
2010-10-06,-107.0,1.0
2010-10-13,-106.0,1.0
2010-10-20,-105.0,1.0
2010-10-27,-103.0,2.0
2010-11-03,-103.0,0.0
2010-11-10,-102.0,1.0
2010-11-17,-101.0,1.0
2010-11-24,-95.0,6.0
2010-12-01,-94.0,1.0
2010-12-08,-95.0,-1.0
2010-12-15,-95.0,0.0
2010-12-22,-97.0,-2.0
2010-12-29,-98.0,-1.0
2011-01-05,-99.0,-1.0
2011-01-12,-103.0,-4.0
2011-01-19,-105.0,-2.0
2011-01-26,-110.0,-5.0
2011-02-02,-110.0,0.0
2011-02-09,-119.0,-9.0
2011-02-16,-130.0,-11.0
2011-02-23,-134.0,-4.0
2011-03-02,-136.0,-2.0
2011-03-09,-138.0,-2.0
2011-03-16,-138.0,0.0
2011-03-23,-138.0,0.0
2011-03-30,-138.0,0.0
2011-04-06,-141.0,-3.0
2011-04-13,-142.0,-1.0
2011-04-20,-113.0,29.0
2011-04-27,-112.0,1.0
2011-05-04,-114.0,-2.0
2011-05-11,-113.0,1.0
2011-05-18,-113.0,0.0
2011-05-25,-111.0,2.0
2011-06-01,-111.0,0.0
2011-06-08,-110.0,1.0
2011-06-15,-108.0,2.0
2011-06-22,-107.0,1.0
2011-06-29,-106.0,1.0
2011-07-06,-107.0,-1.0
2011-07-13,-106.0,1.0
2011-07-20,-106.0,0.0
2011-07-27,-104.0,2.0
2011-08-03,-103.0,1.0
2011-08-10,-103.0,0.0
2011-08-17,-102.0,1.0
2011-08-24,-101.0,1.0
2011-08-31,-95.0,6.0
2011-09-07,-94.0,1.0
2011-09-14,-93.0,1.0
2011-09-21,-92.0,1.0
2011-09-28,-89.0,3.0
2011-10-05,-85.0,4.0
2011-10-12,-80.0,5.0
2011-10-19,-75.0,5.0
2011-10-26,-73.0,2.0
2011-11-02,-72.0,1.0
2011-11-09,-71.0,1.0
2011-11-16,-71.0,0.0
2011-11-23,-69.0,2.0
2011-11-30,-69.0,0.0
2011-12-07,-68.0,1.0
2011-12-14,-67.0,1.0
2011-12-21,-65.0,2.0
2011-12-28,-65.0,0.0
2012-01-04,-64.0,1.0
2012-01-11,-64.0,0.0
2012-01-18,-63.0,1.0
2012-01-25,-63.0,0.0
2012-02-01,-62.0,1.0
2012-02-08,-62.0,0.0
2012-02-15,-63.0,-1.0
2012-02-22,-63.0,0.0
2012-02-29,-63.0,0.0
2012-03-07,-62.0,1.0
2012-03-14,-62.0,0.0
2012-03-21,-63.0,-1.0
2012-03-28,-63.0,0.0
2012-04-04,-63.0,0.0
2012-04-11,-63.0,0.0
2012-04-18,-60.0,3.0
2012-04-25,-59.0,1.0
2012-05-02,-59.0,0.0
2012-05-09,-59.0,0.0
2012-05-16,-59.0,0.0
2012-05-23,-59.0,0.0
2012-05-30,-58.0,1.0
2012-06-06,-58.0,0.0
2012-06-13,-57.0,1.0
2012-06-20,-56.0,1.0
2012-06-27,-55.0,1.0
2012-07-04,-54.0,1.0
2012-07-11,-54.0,0.0
2012-07-18,-53.0,1.0
2012-07-25,-52.0,1.0
2012-08-01,-50.0,2.0
2012-08-08,-50.0,0.0
2012-08-15,-49.0,1.0
2012-08-22,-49.0,0.0
2012-08-29,-47.0,2.0
2012-09-05,-46.0,1.0
2012-09-12,-45.0,1.0
2012-09-19,-45.0,0.0
2012-09-26,-44.0,1.0
2012-10-03,-43.0,1.0
2012-10-10,-43.0,0.0
2012-10-17,-42.0,1.0
2012-10-24,-42.0,0.0
2012-10-31,-41.0,1.0
2012-11-07,-41.0,0.0
2012-11-14,-41.0,0.0
2012-11-21,-40.0,1.0
2012-11-28,-39.0,1.0
2012-12-05,-39.0,0.0
2012-12-12,-39.0,0.0
2012-12-19,-39.0,0.0
2012-12-26,-40.0,-1.0
2013-01-02,-40.0,0.0
2013-01-09,-41.0,-1.0
2013-01-16,-41.0,0.0
2013-01-23,-42.0,-1.0
2013-01-30,-42.0,0.0
2013-02-06,-43.0,-1.0
2013-02-13,-43.0,0.0
2013-02-20,-42.0,1.0
2013-02-27,-42.0,0.0
2013-03-06,-42.0,0.0
2013-03-13,-43.0,-1.0
2013-03-20,-42.0,1.0
2013-03-27,-42.0,0.0
2013-04-03,-42.0,0.0
2013-04-10,-42.0,0.0
2013-04-17,-42.0,0.0
2013-04-24,-42.0,0.0
2013-05-01,-42.0,0.0
2013-05-08,-42.0,0.0
2013-05-15,-43.0,-1.0
2013-05-22,-43.0,0.0
2013-05-29,-44.0,-1.0
2013-06-05,-49.0,-5.0
2013-06-12,-53.0,-4.0
2013-06-19,-54.0,-1.0
2013-06-26,-59.0,-5.0
2013-07-03,-62.0,-3.0
2013-07-10,-64.0,-2.0
2013-07-17,-74.0,-10.0
2013-07-24,-77.0,-3.0
2013-07-31,-82.0,-5.0
2013-08-07,-85.0,-3.0
2013-08-14,-100.0,-15.0
2013-08-21,-112.0,-12.0
2013-08-28,-125.0,-13.0
2013-09-04,-137.0,-12.0
2013-09-11,-150.0,-13.0
2013-09-18,-164.0,-14.0
2013-09-25,-177.0,-13.0
2013-10-02,-186.0,-9.0
2013-10-09,-195.0,-9.0
2013-10-16,-201.0,-6.0
2013-10-23,-211.0,-10.0
2013-10-30,-215.0,-4.0
2013-11-06,-222.0,-7.0
2013-11-13,-231.0,-9.0
2013-11-20,-249.0,-18.0
2013-11-27,-261.0,-12.0
2013-12-04,-266.0,-5.0
2013-12-11,-284.0,-18.0
2013-12-18,-299.0,-15.0
2013-12-25,-316.0,-17.0
2014-01-01,-315.0,1.0
2014-01-08,-323.0,-8.0
2014-01-15,-334.0,-11.0
2014-01-22,-345.0,-11.0
2014-01-29,-360.0,-15.0
2014-02-05,-367.0,-7.0
2014-02-12,-377.0,-10.0
2014-02-19,-387.0,-10.0
2014-02-26,-398.0,-11.0
2014-03-05,-407.0,-9.0
2014-03-12,-416.0,-9.0
2014-03-19,-420.0,-4.0
2014-03-26,-429.0,-9.0
2014-04-02,-438.0,-9.0
2014-04-09,-379.0,59.0
2014-04-16,-382.0,-3.0
2014-04-23,-385.0,-3.0
2014-04-30,-387.0,-2.0
2014-05-07,-388.0,-1.0
2014-05-14,-390.0,-2.0
2014-05-21,-391.0,-1.0
2014-05-28,-392.0,-1.0
2014-06-04,-395.0,-3.0
2014-06-11,-399.0,-4.0
2014-06-18,-401.0,-2.0
2014-06-25,-402.0,-1.0
2014-07-02,-404.0,-2.0
2014-07-09,-405.0,-1.0
2014-07-16,-405.0,0.0
2014-07-23,-405.0,0.0
2014-07-30,-406.0,-1.0
2014-08-06,-407.0,-1.0
2014-08-13,-408.0,-1.0
2014-08-20,-408.0,0.0
2014-08-27,-408.0,0.0
2014-09-03,-408.0,0.0
2014-09-10,-407.0,1.0
2014-09-17,-408.0,-1.0
2014-09-24,-408.0,0.0
2014-10-01,-410.0,-2.0
2014-10-08,-410.0,0.0
2014-10-15,-409.0,1.0
2014-10-22,-409.0,0.0
2014-10-29,-408.0,1.0
2014-11-05,-407.0,1.0
2014-11-12,-407.0,0.0
2014-11-19,-406.0,1.0
2014-11-26,-405.0,1.0
2014-12-03,-405.0,0.0
2014-12-10,-404.0,1.0
2014-12-17,-403.0,1.0
2014-12-24,-402.0,1.0
2014-12-31,-402.0,0.0
2015-01-07,-401.0,1.0
2015-01-14,-400.0,1.0
2015-01-21,-399.0,1.0
2015-01-28,-399.0,0.0
2015-02-04,-398.0,1.0
2015-02-11,-397.0,1.0
2015-02-18,-396.0,1.0
2015-02-25,-396.0,0.0
2015-03-04,-395.0,1.0
2015-03-11,-394.0,1.0
2015-03-18,-393.0,1.0
2015-03-25,-393.0,0.0
2015-04-01,-392.0,1.0
2015-04-08,-391.0,1.0
2015-04-15,-390.0,1.0
2015-04-22,-429.0,-39.0
2015-04-29,-428.0,1.0
2015-05-06,-427.0,1.0
2015-05-13,-427.0,0.0
2015-05-20,-426.0,1.0
2015-05-27,-425.0,1.0
2015-06-03,-424.0,1.0
2015-06-10,-424.0,0.0
2015-06-17,-423.0,1.0
2015-06-24,-422.0,1.0
2015-07-01,-421.0,1.0
2015-07-08,-420.0,1.0
2015-07-15,-420.0,0.0
2015-07-22,-419.0,1.0
2015-07-29,-418.0,1.0
