Date,Values,Delta Calculations
2009-01-14,511.0, 
2009-01-21,543.0,32.0
2009-01-28,669.0,126.0
2009-02-04,669.0,0.0
2009-02-11,669.0,0.0
2009-02-18,5921.0,5252.0
2009-02-25,6234.0,313.0
2009-03-04,6248.0,14.0
2009-03-11,6253.0,5.0
2009-03-18,21444.0,15191.0
2009-03-25,21414.0,-30.0
2009-04-01,21458.0,44.0
2009-04-08,21459.0,1.0
2009-04-15,32249.0,10790.0
2009-04-22,13247.0,-19002.0
2009-04-29,13195.0,-52.0
2009-05-06,13183.0,-12.0
2009-05-13,15552.0,2369.0
2009-05-20,15549.0,-3.0
2009-05-27,15408.0,-141.0
2009-06-03,15411.0,3.0
2009-06-10,15403.0,-8.0
2009-06-17,16432.0,1029.0
2009-06-24,16837.0,405.0
2009-07-01,16665.0,-172.0
2009-07-08,16665.0,0.0
2009-07-15,18971.0,2306.0
2009-07-22,19657.0,686.0
2009-07-29,19564.0,-93.0
2009-08-05,19564.0,0.0
2009-08-12,19564.0,0.0
2009-08-19,21966.0,2402.0
2009-08-26,22446.0,480.0
2009-09-02,22532.0,86.0
2009-09-09,22533.0,1.0
2009-09-16,24687.0,2154.0
2009-09-23,24995.0,308.0
2009-09-30,24951.0,-44.0
2009-10-07,24948.0,-3.0
2009-10-14,27341.0,2393.0
2009-10-21,27996.0,655.0
2009-10-28,27895.0,-101.0
2009-11-04,27907.0,12.0
2009-11-11,27949.0,42.0
2009-11-18,30525.0,2576.0
2009-11-25,30708.0,183.0
2009-12-02,30710.0,2.0
2009-12-09,30787.0,77.0
2009-12-16,32478.0,1691.0
2009-12-23,32809.0,331.0
2009-12-30,32731.0,-78.0
2010-01-06,32748.0,17.0
2010-01-13,34905.0,2157.0
2010-01-20,34988.0,83.0
2010-01-27,34946.0,-42.0
2010-02-03,34968.0,22.0
2010-02-10,35203.0,235.0
2010-02-17,36957.0,1754.0
2010-02-24,37210.0,253.0
2010-03-03,37004.0,-206.0
2010-03-10,37088.0,84.0
2010-03-17,38431.0,1343.0
2010-03-24,38697.0,266.0
2010-03-31,38513.0,-184.0
2010-04-07,38514.0,1.0
2010-04-14,39708.0,1194.0
2010-04-21,125498.0,85790.0
2010-04-28,124870.0,-628.0
2010-05-05,124984.0,114.0
2010-05-12,125091.0,107.0
2010-05-19,127497.0,2406.0
2010-05-26,126748.0,-749.0
2010-06-02,126829.0,81.0
2010-06-09,126836.0,7.0
2010-06-16,128421.0,1585.0
2010-06-23,128542.0,121.0
2010-06-30,127343.0,-1199.0
2010-07-07,127361.0,18.0
2010-07-14,128531.0,1170.0
2010-07-21,128079.0,-452.0
2010-07-28,127268.0,-811.0
2010-08-04,127298.0,30.0
2010-08-11,127494.0,196.0
2010-08-18,126761.0,-733.0
2010-08-25,125639.0,-1122.0
2010-09-01,125639.0,0.0
2010-09-08,125639.0,0.0
2010-09-15,124394.0,-1245.0
2010-09-22,124353.0,-41.0
2010-09-29,122834.0,-1519.0
2010-10-06,122834.0,0.0
2010-10-13,122834.0,0.0
2010-10-20,121378.0,-1456.0
2010-10-27,119702.0,-1676.0
2010-11-03,119702.0,0.0
2010-11-10,119702.0,0.0
2010-11-17,118249.0,-1453.0
2010-11-24,118195.0,-54.0
2010-12-01,116469.0,-1726.0
2010-12-08,116469.0,0.0
2010-12-15,114897.0,-1572.0
2010-12-22,114846.0,-51.0
2010-12-29,112994.0,-1852.0
2011-01-05,112994.0,0.0
2011-01-12,112994.0,0.0
2011-01-19,111629.0,-1365.0
2011-01-26,109912.0,-1717.0
2011-02-02,109912.0,0.0
2011-02-09,109912.0,0.0
2011-02-16,109156.0,-756.0
2011-02-23,109129.0,-27.0
2011-03-02,108073.0,-1056.0
2011-03-09,108073.0,0.0
2011-03-16,107523.0,-550.0
2011-03-23,107494.0,-29.0
2011-03-30,106732.0,-762.0
2011-04-06,106732.0,0.0
2011-04-13,106732.0,0.0
2011-04-20,107778.0,1046.0
2011-04-27,107062.0,-716.0
2011-05-04,107062.0,0.0
2011-05-11,107062.0,0.0
2011-05-18,106664.0,-398.0
2011-05-25,106003.0,-661.0
2011-06-01,106003.0,0.0
2011-06-08,106003.0,0.0
2011-06-15,105616.0,-387.0
2011-06-22,105595.0,-21.0
2011-06-29,104963.0,-632.0
2011-07-06,104963.0,0.0
2011-07-13,104963.0,0.0
2011-07-20,104424.0,-539.0
2011-07-27,103627.0,-797.0
2011-08-03,103627.0,0.0
2011-08-10,103627.0,0.0
2011-08-17,103083.0,-544.0
2011-08-24,103057.0,-26.0
2011-08-31,102202.0,-855.0
2011-09-07,102202.0,0.0
2011-09-14,102202.0,0.0
2011-09-21,101543.0,-659.0
2011-09-28,100578.0,-965.0
2011-10-05,100578.0,0.0
2011-10-12,100578.0,0.0
2011-10-19,99561.0,-1017.0
2011-10-26,98081.0,-1480.0
2011-11-02,98081.0,0.0
2011-11-09,98081.0,0.0
2011-11-16,97240.0,-841.0
2011-11-23,97196.0,-44.0
2011-11-30,95516.0,-1680.0
2011-12-07,95516.0,0.0
2011-12-14,99099.0,3583.0
2011-12-21,98366.0,-733.0
2011-12-28,96699.0,-1667.0
2012-01-04,96750.0,51.0
2012-01-11,97043.0,293.0
2012-01-18,97870.0,827.0
2012-01-25,96506.0,-1364.0
2012-02-01,96551.0,45.0
2012-02-08,96553.0,2.0
2012-02-15,97913.0,1360.0
2012-02-22,98518.0,605.0
2012-02-29,97103.0,-1415.0
2012-03-07,97103.0,0.0
2012-03-14,98615.0,1512.0
2012-03-21,98312.0,-303.0
2012-03-28,96640.0,-1672.0
2012-04-04,96641.0,1.0
2012-04-11,96641.0,0.0
2012-04-18,60877.0,-35764.0
2012-04-25,60339.0,-538.0
2012-05-02,60341.0,2.0
2012-05-09,60341.0,0.0
2012-05-16,61081.0,740.0
2012-05-23,61562.0,481.0
2012-05-30,60620.0,-942.0
2012-06-06,60621.0,1.0
2012-06-13,61772.0,1151.0
2012-06-20,61780.0,8.0
2012-06-27,60850.0,-930.0
2012-07-04,60854.0,4.0
2012-07-11,60855.0,1.0
2012-07-18,61422.0,567.0
2012-07-25,60735.0,-687.0
2012-08-01,60743.0,8.0
2012-08-08,60744.0,1.0
2012-08-15,60791.0,47.0
2012-08-22,61158.0,367.0
2012-08-29,60040.0,-1118.0
2012-09-05,60048.0,8.0
2012-09-12,60049.0,1.0
2012-09-19,60506.0,457.0
2012-09-26,59427.0,-1079.0
2012-10-03,59428.0,1.0
2012-10-10,59428.0,0.0
2012-10-17,61371.0,1943.0
2012-10-24,61782.0,411.0
2012-10-31,60641.0,-1141.0
2012-11-07,60643.0,2.0
2012-11-14,63273.0,2630.0
2012-11-21,64096.0,823.0
2012-11-28,62883.0,-1213.0
2012-12-05,62890.0,7.0
2012-12-12,66104.0,3214.0
2012-12-19,66431.0,327.0
2012-12-26,65944.0,-487.0
2013-01-02,65954.0,10.0
2013-01-09,65955.0,1.0
2013-01-16,67443.0,1488.0
2013-01-23,69974.0,2531.0
2013-01-30,68736.0,-1238.0
2013-02-06,68743.0,7.0
2013-02-13,71859.0,3116.0
2013-02-20,73500.0,1641.0
2013-02-27,72304.0,-1196.0
2013-03-06,72306.0,2.0
2013-03-13,75504.0,3198.0
2013-03-20,77257.0,1753.0
2013-03-27,76220.0,-1037.0
2013-04-03,76223.0,3.0
2013-04-10,76231.0,8.0
2013-04-17,70023.0,-6208.0
2013-04-24,70638.0,615.0
2013-05-01,69738.0,-900.0
2013-05-08,69739.0,1.0
2013-05-15,71539.0,1800.0
2013-05-22,73298.0,1759.0
2013-05-29,72437.0,-861.0
2013-06-05,72440.0,3.0
2013-06-12,72441.0,1.0
2013-06-19,75175.0,2734.0
2013-06-26,75122.0,-53.0
2013-07-03,75123.0,1.0
2013-07-10,75124.0,1.0
2013-07-17,76765.0,1641.0
2013-07-24,78406.0,1641.0
2013-07-31,77537.0,-869.0
2013-08-07,77537.0,0.0
2013-08-14,80825.0,3288.0
2013-08-21,81033.0,208.0
2013-08-28,80297.0,-736.0
2013-09-04,80300.0,3.0
2013-09-11,80305.0,5.0
2013-09-18,83308.0,3003.0
2013-09-25,83447.0,139.0
2013-10-02,83455.0,8.0
2013-10-09,83457.0,2.0
2013-10-16,86291.0,2834.0
2013-10-23,87095.0,804.0
2013-10-30,86661.0,-434.0
2013-11-06,86661.0,0.0
2013-11-13,89202.0,2541.0
2013-11-20,89160.0,-42.0
2013-11-27,89531.0,371.0
2013-12-04,89532.0,1.0
2013-12-11,92212.0,2680.0
2013-12-18,92364.0,152.0
2013-12-25,93081.0,717.0
2014-01-01,92659.0,-422.0
2014-01-08,92660.0,1.0
2014-01-15,94838.0,2178.0
2014-01-22,95725.0,887.0
2014-01-29,95275.0,-450.0
2014-02-05,95275.0,0.0
2014-02-12,95276.0,1.0
2014-02-19,97542.0,2266.0
2014-02-26,97628.0,86.0
2014-03-05,97631.0,3.0
2014-03-12,97632.0,1.0
2014-03-19,99675.0,2043.0
2014-03-26,99682.0,7.0
2014-04-02,99683.0,1.0
2014-04-09,89599.0,-10084.0
2014-04-16,91249.0,1650.0
2014-04-23,91612.0,363.0
2014-04-30,91207.0,-405.0
2014-05-07,91207.0,0.0
2014-05-14,92557.0,1350.0
2014-05-21,92545.0,-12.0
2014-05-28,92107.0,-438.0
2014-06-04,92107.0,0.0
2014-06-11,92108.0,1.0
2014-06-18,93247.0,1139.0
2014-06-25,92996.0,-251.0
2014-07-02,92997.0,1.0
2014-07-09,92997.0,0.0
2014-07-16,93727.0,730.0
2014-07-23,94135.0,408.0
2014-07-30,93581.0,-554.0
2014-08-06,93581.0,0.0
2014-08-13,94375.0,794.0
2014-08-20,94003.0,-372.0
2014-08-27,93802.0,-201.0
2014-09-03,93802.0,0.0
2014-09-10,93803.0,1.0
2014-09-17,95042.0,1239.0
2014-09-24,95365.0,323.0
2014-10-01,94814.0,-551.0
2014-10-08,94814.0,0.0
2014-10-15,95767.0,953.0
2014-10-22,95877.0,110.0
2014-10-29,96014.0,137.0
2014-11-05,96014.0,0.0
2014-11-12,96014.0,0.0
2014-11-19,96964.0,950.0
2014-11-26,96679.0,-285.0
2014-12-03,96680.0,1.0
2014-12-10,96681.0,1.0
2014-12-17,97359.0,678.0
2014-12-24,97662.0,303.0
2014-12-31,97073.0,-589.0
2015-01-07,97073.0,0.0
2015-01-14,97906.0,833.0
2015-01-21,97838.0,-68.0
2015-01-28,97176.0,-662.0
2015-02-04,97176.0,0.0
2015-02-11,97177.0,1.0
2015-02-18,97754.0,577.0
2015-02-25,97261.0,-493.0
2015-03-04,97262.0,1.0
2015-03-11,97264.0,2.0
2015-03-18,97580.0,316.0
2015-03-25,96798.0,-782.0
2015-04-01,96799.0,1.0
2015-04-08,96799.0,0.0
2015-04-15,96939.0,140.0
2015-04-22,94346.0,-2593.0
2015-04-29,93357.0,-989.0
2015-05-06,93357.0,0.0
2015-05-13,94714.0,1357.0
2015-05-20,94368.0,-346.0
2015-05-27,93552.0,-816.0
2015-06-03,93552.0,0.0
2015-06-10,93552.0,0.0
2015-06-17,94553.0,1001.0
2015-06-24,94853.0,300.0
2015-07-01,94074.0,-779.0
2015-07-08,94074.0,0.0
2015-07-15,94712.0,638.0
2015-07-22,95019.0,307.0
2015-07-29,94225.0,-794.0
