Date,Values,Delta Calculations
2002-12-18,6.0, 
2002-12-25,11.0,5.0
2003-01-01,8.0,-3.0
2003-01-08,0.0,-8.0
2003-01-15,0.0,0.0
2003-01-22,0.0,0.0
2003-01-29,0.0,0.0
2003-02-05,10.0,10.0
2003-02-12,0.0,-10.0
2003-02-19,0.0,0.0
2003-02-26,0.0,0.0
2003-03-05,0.0,0.0
2003-03-12,0.0,0.0
2003-03-19,0.0,0.0
2003-03-26,0.0,0.0
2003-04-02,0.0,0.0
2003-04-09,0.0,0.0
2003-04-16,23.0,23.0
2003-04-23,2.0,-21.0
2003-04-30,2.0,0.0
2003-05-07,2.0,0.0
2003-05-14,2.0,0.0
2003-05-21,3.0,1.0
2003-05-28,3.0,0.0
2003-06-04,3.0,0.0
2003-06-11,5.0,2.0
2003-06-18,5.0,0.0
2003-06-25,8.0,3.0
2003-07-02,9.0,1.0
2003-07-09,12.0,3.0
2003-07-16,10.0,-2.0
2003-07-23,12.0,2.0
2003-07-30,15.0,3.0
2003-08-06,13.0,-2.0
2003-08-13,16.0,3.0
2003-08-20,13.0,-3.0
2003-08-27,13.0,0.0
2003-09-03,12.0,-1.0
2003-09-10,10.0,-2.0
2003-09-17,10.0,0.0
2003-09-24,160.0,150.0
2003-10-01,6.0,-154.0
2003-10-08,4.0,-2.0
2003-10-15,2.0,-2.0
2003-10-22,6.0,4.0
2003-10-29,4.0,-2.0
2003-11-05,0.0,-4.0
2003-11-12,1.0,1.0
2003-11-19,0.0,-1.0
2003-11-26,6.0,6.0
2003-12-03,5.0,-1.0
2003-12-10,7.0,2.0
2003-12-17,5.0,-2.0
2003-12-24,5.0,0.0
2003-12-31,5.0,0.0
2004-01-07,2.0,-3.0
2004-01-14,2.0,0.0
2004-01-21,2.0,0.0
2004-01-28,0.0,-2.0
2004-02-04,0.0,0.0
2004-02-11,0.0,0.0
2004-02-18,0.0,0.0
2004-02-25,0.0,0.0
2004-03-03,0.0,0.0
2004-03-10,0.0,0.0
2004-03-17,0.0,0.0
2004-03-24,1.0,1.0
2004-03-31,1.0,0.0
2004-04-07,1.0,0.0
2004-04-14,0.0,-1.0
2004-04-21,0.0,0.0
2004-04-28,0.0,0.0
2004-05-05,3.0,3.0
2004-05-12,3.0,0.0
2004-05-19,3.0,0.0
2004-05-26,4.0,1.0
2004-06-02,4.0,0.0
2004-06-09,4.0,0.0
2004-06-16,4.0,0.0
2004-06-23,7.0,3.0
2004-06-30,7.0,0.0
2004-07-07,9.0,2.0
2004-07-14,9.0,0.0
2004-07-21,11.0,2.0
2004-07-28,11.0,0.0
2004-08-04,9.0,-2.0
2004-08-11,8.0,-1.0
2004-08-18,7.0,-1.0
2004-08-25,10.0,3.0
2004-09-01,15.0,5.0
2004-09-08,22.0,7.0
2004-09-15,19.0,-3.0
2004-09-22,15.0,-4.0
2004-09-29,15.0,0.0
2004-10-06,14.0,-1.0
2004-10-13,14.0,0.0
2004-10-20,14.0,0.0
2004-10-27,15.0,1.0
2004-11-03,11.0,-4.0
2004-11-10,7.0,-4.0
2004-11-17,11.0,4.0
2004-11-24,10.0,-1.0
2004-12-01,9.0,-1.0
2004-12-08,8.0,-1.0
2004-12-15,8.0,0.0
2004-12-22,12.0,4.0
2004-12-29,7.0,-5.0
2005-01-05,2.0,-5.0
2005-01-12,0.0,-2.0
2005-01-19,0.0,0.0
2005-01-26,0.0,0.0
2005-02-02,3.0,3.0
2005-02-09,1.0,-2.0
2005-02-16,0.0,-1.0
2005-02-23,0.0,0.0
2005-03-02,0.0,0.0
2005-03-09,0.0,0.0
2005-03-16,0.0,0.0
2005-03-23,0.0,0.0
2005-03-30,0.0,0.0
2005-04-06,0.0,0.0
2005-04-13,0.0,0.0
2005-04-20,0.0,0.0
2005-04-27,0.0,0.0
2005-05-04,4.0,4.0
2005-05-11,4.0,0.0
2005-05-18,4.0,0.0
2005-05-25,4.0,0.0
2005-06-01,6.0,2.0
2005-06-08,3.0,-3.0
2005-06-15,3.0,0.0
2005-06-22,6.0,3.0
2005-06-29,11.0,5.0
2005-07-06,7.0,-4.0
2005-07-13,11.0,4.0
2005-07-20,11.0,0.0
2005-07-27,12.0,1.0
2005-08-03,6.0,-6.0
2005-08-10,6.0,0.0
2005-08-17,9.0,3.0
2005-08-24,15.0,6.0
2005-08-31,9.0,-6.0
2005-09-07,8.0,-1.0
2005-09-14,10.0,2.0
2005-09-21,10.0,0.0
2005-09-28,14.0,4.0
2005-10-05,7.0,-7.0
2005-10-12,6.0,-1.0
2005-10-19,29.0,23.0
2005-10-26,6.0,-23.0
2005-11-02,7.0,1.0
2005-11-09,4.0,-3.0
2005-11-16,3.0,-1.0
2005-11-23,6.0,3.0
2005-11-30,12.0,6.0
2005-12-07,10.0,-2.0
2005-12-14,10.0,0.0
2005-12-21,9.0,-1.0
2005-12-28,7.0,-2.0
2006-01-04,9.0,2.0
2006-01-11,0.0,-9.0
2006-01-18,0.0,0.0
2006-01-25,0.0,0.0
2006-02-01,0.0,0.0
2006-02-08,0.0,0.0
2006-02-15,0.0,0.0
2006-02-22,0.0,0.0
2006-03-01,0.0,0.0
2006-03-08,0.0,0.0
2006-03-15,0.0,0.0
2006-03-22,0.0,0.0
2006-03-29,0.0,0.0
2006-04-05,0.0,0.0
2006-04-12,2.0,2.0
2006-04-19,0.0,-2.0
2006-04-26,0.0,0.0
2006-05-03,7.0,7.0
2006-05-10,7.0,0.0
2006-05-17,7.0,0.0
2006-05-24,12.0,5.0
2006-05-31,7.0,-5.0
2006-06-07,10.0,3.0
2006-06-14,13.0,3.0
2006-06-21,11.0,-2.0
2006-06-28,10.0,-1.0
2006-07-05,6.0,-4.0
2006-07-12,10.0,4.0
2006-07-19,10.0,0.0
2006-07-26,27.0,17.0
2006-08-02,14.0,-13.0
2006-08-09,14.0,0.0
2006-08-16,15.0,1.0
2006-08-23,14.0,-1.0
2006-08-30,14.0,0.0
2006-09-06,14.0,0.0
2006-09-13,12.0,-2.0
2006-09-20,14.0,2.0
2006-09-27,14.0,0.0
2006-10-04,11.0,-3.0
2006-10-11,8.0,-3.0
2006-10-18,8.0,0.0
2006-10-25,7.0,-1.0
2006-11-01,7.0,0.0
2006-11-08,6.0,-1.0
2006-11-15,8.0,2.0
2006-11-22,5.0,-3.0
2006-11-29,7.0,2.0
2006-12-06,14.0,7.0
2006-12-13,7.0,-7.0
2006-12-20,8.0,1.0
2006-12-27,6.0,-2.0
2007-01-03,3.0,-3.0
2007-01-10,0.0,-3.0
2007-01-17,1.0,1.0
2007-01-24,1.0,0.0
2007-01-31,100.0,99.0
2007-02-07,0.0,-100.0
2007-02-14,0.0,0.0
2007-02-21,0.0,0.0
2007-02-28,0.0,0.0
2007-03-07,0.0,0.0
2007-03-14,0.0,0.0
2007-03-21,0.0,0.0
2007-03-28,0.0,0.0
2007-04-04,0.0,0.0
2007-04-11,0.0,0.0
2007-04-18,0.0,0.0
2007-04-25,0.0,0.0
2007-05-02,2.0,2.0
2007-05-09,2.0,0.0
2007-05-16,2.0,0.0
2007-05-23,3.0,1.0
2007-05-30,3.0,0.0
2007-06-06,3.0,0.0
2007-06-13,6.0,3.0
2007-06-20,4.0,-2.0
2007-06-27,4.0,0.0
2007-07-04,6.0,2.0
2007-07-11,5.0,-1.0
2007-07-18,5.0,0.0
2007-07-25,6.0,1.0
2007-08-01,7.0,1.0
2007-08-08,5.0,-2.0
2007-08-15,5.0,0.0
2007-08-22,8.0,3.0
2007-08-29,5.0,-3.0
2007-09-05,4.0,-1.0
2007-09-12,2.0,-2.0
2007-09-19,2.0,0.0
2007-09-26,0.0,-2.0
2007-10-03,0.0,0.0
2007-10-10,1.0,1.0
2007-10-17,1.0,0.0
2007-10-24,0.0,-1.0
2007-10-31,0.0,0.0
2007-11-07,0.0,0.0
2007-11-14,0.0,0.0
2007-11-21,0.0,0.0
2007-11-28,0.0,0.0
2007-12-05,0.0,0.0
2007-12-12,0.0,0.0
2007-12-19,0.0,0.0
2007-12-26,0.0,0.0
2008-01-02,0.0,0.0
2008-01-09,2.0,2.0
2008-01-16,3.0,1.0
2008-01-23,0.0,-3.0
2008-01-30,0.0,0.0
2008-02-06,0.0,0.0
2008-02-13,0.0,0.0
2008-02-20,2.0,2.0
2008-02-27,0.0,-2.0
2008-03-05,0.0,0.0
2008-03-12,0.0,0.0
2008-03-19,0.0,0.0
2008-03-26,0.0,0.0
2008-04-02,0.0,0.0
2008-04-09,0.0,0.0
2008-04-16,3.0,3.0
2008-04-23,28.0,25.0
2008-04-30,7.0,-21.0
2008-05-07,0.0,-7.0
2008-05-14,30.0,30.0
2008-05-21,33.0,3.0
2008-05-28,35.0,2.0
2008-06-04,81.0,46.0
2008-06-11,70.0,-11.0
2008-06-18,146.0,76.0
2008-06-25,147.0,1.0
2008-07-02,232.0,85.0
2008-07-09,205.0,-27.0
2008-07-16,181.0,-24.0
2008-07-23,379.0,198.0
2008-07-30,320.0,-59.0
2008-08-06,274.0,-46.0
2008-08-13,287.0,13.0
2008-08-20,314.0,27.0
2008-08-27,304.0,-10.0
2008-09-03,246.0,-58.0
2008-09-10,235.0,-11.0
2008-09-17,286.0,51.0
2008-09-24,292.0,6.0
2008-10-01,215.0,-77.0
2008-10-08,205.0,-10.0
2008-10-15,240.0,35.0
2008-10-22,251.0,11.0
2008-10-29,241.0,-10.0
2008-11-05,360.0,119.0
2008-11-12,413.0,53.0
2008-11-19,416.0,3.0
2008-11-26,485.0,69.0
2008-12-03,463.0,-22.0
2008-12-10,343.0,-120.0
2008-12-17,383.0,40.0
2008-12-24,369.0,-14.0
2008-12-31,483.0,114.0
2009-01-07,341.0,-142.0
2009-01-14,435.0,94.0
2009-01-21,355.0,-80.0
2009-01-28,371.0,16.0
2009-02-04,363.0,-8.0
2009-02-11,265.0,-98.0
2009-02-18,251.0,-14.0
2009-02-25,252.0,1.0
2009-03-04,220.0,-32.0
2009-03-11,200.0,-20.0
2009-03-18,209.0,9.0
2009-03-25,216.0,7.0
2009-04-01,266.0,50.0
2009-04-08,280.0,14.0
2009-04-15,317.0,37.0
2009-04-22,301.0,-16.0
2009-04-29,264.0,-37.0
2009-05-06,259.0,-5.0
2009-05-13,296.0,37.0
2009-05-20,293.0,-3.0
2009-05-27,218.0,-75.0
2009-06-03,208.0,-10.0
2009-06-10,195.0,-13.0
2009-06-17,186.0,-9.0
2009-06-24,174.0,-12.0
2009-07-01,207.0,33.0
2009-07-08,206.0,-1.0
2009-07-15,251.0,45.0
2009-07-22,207.0,-44.0
2009-07-29,221.0,14.0
2009-08-05,313.0,92.0
2009-08-12,312.0,-1.0
2009-08-19,327.0,15.0
2009-08-26,335.0,8.0
2009-09-02,314.0,-21.0
2009-09-09,291.0,-23.0
2009-09-16,273.0,-18.0
2009-09-23,275.0,2.0
2009-09-30,222.0,-53.0
2009-10-07,188.0,-34.0
2009-10-14,160.0,-28.0
2009-10-21,143.0,-17.0
2009-10-28,243.0,100.0
2009-11-04,249.0,6.0
2009-11-11,283.0,34.0
2009-11-18,342.0,59.0
2009-11-25,325.0,-17.0
2009-12-02,187.0,-138.0
2009-12-09,100.0,-87.0
2009-12-16,115.0,15.0
2009-12-23,85.0,-30.0
2009-12-30,166.0,81.0
2010-01-06,107.0,-59.0
2010-01-13,94.0,-13.0
2010-01-20,93.0,-1.0
2010-01-27,118.0,25.0
2010-02-03,108.0,-10.0
2010-02-10,112.0,4.0
2010-02-17,81.0,-31.0
2010-02-24,50.0,-31.0
2010-03-03,62.0,12.0
2010-03-10,30.0,-32.0
2010-03-17,54.0,24.0
2010-03-24,33.0,-21.0
2010-03-31,38.0,5.0
2010-04-07,19.0,-19.0
2010-04-14,28.0,9.0
2010-04-21,19.0,-9.0
2010-04-28,14.0,-5.0
2010-05-05,14.0,0.0
2010-05-12,14.0,0.0
2010-05-19,27.0,13.0
2010-05-26,27.0,0.0
2010-06-02,25.0,-2.0
2010-06-09,12.0,-13.0
2010-06-16,26.0,14.0
2010-06-23,16.0,-10.0
2010-06-30,26.0,10.0
2010-07-07,11.0,-15.0
2010-07-14,9.0,-2.0
2010-07-21,9.0,0.0
2010-07-28,16.0,7.0
2010-08-04,17.0,1.0
2010-08-11,10.0,-7.0
2010-08-18,12.0,2.0
2010-08-25,19.0,7.0
2010-09-01,16.0,-3.0
2010-09-08,10.0,-6.0
2010-09-15,10.0,0.0
2010-09-22,10.0,0.0
2010-09-29,15.0,5.0
2010-10-06,11.0,-4.0
2010-10-13,6.0,-5.0
2010-10-20,4.0,-2.0
2010-10-27,2.0,-2.0
2010-11-03,4.0,2.0
2010-11-10,0.0,-4.0
2010-11-17,3.0,3.0
2010-11-24,0.0,-3.0
2010-12-01,0.0,0.0
2010-12-08,0.0,0.0
2010-12-15,0.0,0.0
2010-12-22,18.0,18.0
2010-12-29,2.0,-16.0
2011-01-05,7.0,5.0
2011-01-12,0.0,-7.0
2011-01-19,2.0,2.0
2011-01-26,0.0,-2.0
2011-02-02,1.0,1.0
2011-02-09,6.0,5.0
2011-02-16,5.0,-1.0
2011-02-23,0.0,-5.0
2011-03-02,1.0,1.0
2011-03-09,0.0,-1.0
2011-03-16,1.0,1.0
2011-03-23,0.0,-1.0
2011-03-30,23.0,23.0
2011-04-06,0.0,-23.0
2011-04-13,0.0,0.0
2011-04-20,0.0,0.0
2011-04-27,0.0,0.0
2011-05-04,0.0,0.0
2011-05-11,2.0,2.0
2011-05-18,1.0,-1.0
2011-05-25,10.0,9.0
2011-06-01,3.0,-7.0
2011-06-08,4.0,1.0
2011-06-15,2.0,-2.0
2011-06-22,3.0,1.0
2011-06-29,4.0,1.0
2011-07-06,4.0,0.0
2011-07-13,8.0,4.0
2011-07-20,6.0,-2.0
2011-07-27,10.0,4.0
2011-08-03,10.0,0.0
2011-08-10,10.0,0.0
2011-08-17,7.0,-3.0
2011-08-24,10.0,3.0
2011-08-31,13.0,3.0
2011-09-07,6.0,-7.0
2011-09-14,6.0,0.0
2011-09-21,7.0,1.0
2011-09-28,12.0,5.0
2011-10-05,12.0,0.0
2011-10-12,5.0,-7.0
2011-10-19,0.0,-5.0
2011-10-26,1.0,1.0
2011-11-02,0.0,-1.0
2011-11-09,5.0,5.0
2011-11-16,1.0,-4.0
2011-11-23,0.0,-1.0
2011-11-30,1.0,1.0
2011-12-07,3.0,2.0
2011-12-14,16.0,13.0
2011-12-21,2.0,-14.0
2011-12-28,2.0,0.0
2012-01-04,0.0,-2.0
2012-01-11,4.0,4.0
2012-01-18,0.0,-4.0
2012-01-25,0.0,0.0
2012-02-01,0.0,0.0
2012-02-08,1.0,1.0
2012-02-15,0.0,-1.0
2012-02-22,0.0,0.0
2012-02-29,0.0,0.0
2012-03-07,0.0,0.0
2012-03-14,0.0,0.0
2012-03-21,0.0,0.0
2012-03-28,0.0,0.0
2012-04-04,0.0,0.0
2012-04-11,0.0,0.0
2012-04-18,0.0,0.0
2012-04-25,6.0,6.0
2012-05-02,2.0,-4.0
2012-05-09,1.0,-1.0
2012-05-16,0.0,-1.0
2012-05-23,22.0,22.0
2012-05-30,20.0,-2.0
2012-06-06,1.0,-19.0
2012-06-13,0.0,-1.0
2012-06-20,32.0,32.0
2012-06-27,3.0,-29.0
2012-07-04,3.0,0.0
2012-07-11,3.0,0.0
2012-07-18,16.0,13.0
2012-07-25,6.0,-10.0
2012-08-01,6.0,0.0
2012-08-08,5.0,-1.0
2012-08-15,12.0,7.0
2012-08-22,3.0,-9.0
2012-08-29,38.0,35.0
2012-09-05,2.0,-36.0
2012-09-12,2.0,0.0
2012-09-19,5.0,3.0
2012-09-26,15.0,10.0
2012-10-03,17.0,2.0
2012-10-10,13.0,-4.0
2012-10-17,12.0,-1.0
2012-10-24,11.0,-1.0
2012-10-31,11.0,0.0
2012-11-07,9.0,-2.0
2012-11-14,2.0,-7.0
2012-11-21,0.0,-2.0
2012-11-28,0.0,0.0
2012-12-05,0.0,0.0
2012-12-12,0.0,0.0
2012-12-19,6.0,6.0
2012-12-26,6.0,0.0
2013-01-02,0.0,-6.0
2013-01-09,0.0,0.0
2013-01-16,0.0,0.0
2013-01-23,0.0,0.0
2013-01-30,0.0,0.0
2013-02-06,8.0,8.0
2013-02-13,4.0,-4.0
2013-02-20,0.0,-4.0
2013-02-27,0.0,0.0
2013-03-06,0.0,0.0
2013-03-13,0.0,0.0
2013-03-20,2.0,2.0
2013-03-27,0.0,-2.0
2013-04-03,0.0,0.0
2013-04-10,0.0,0.0
2013-04-17,3.0,3.0
2013-04-24,6.0,3.0
2013-05-01,7.0,1.0
2013-05-08,0.0,-7.0
2013-05-15,0.0,0.0
2013-05-22,3.0,3.0
2013-05-29,4.0,1.0
2013-06-05,3.0,-1.0
2013-06-12,5.0,2.0
2013-06-19,5.0,0.0
2013-06-26,28.0,23.0
2013-07-03,15.0,-13.0
2013-07-10,17.0,2.0
2013-07-17,19.0,2.0
2013-07-24,22.0,3.0
2013-07-31,20.0,-2.0
2013-08-07,19.0,-1.0
2013-08-14,26.0,7.0
2013-08-21,27.0,1.0
2013-08-28,33.0,6.0
2013-09-04,23.0,-10.0
2013-09-11,25.0,2.0
2013-09-18,23.0,-2.0
2013-09-25,22.0,-1.0
2013-10-02,20.0,-2.0
2013-10-09,15.0,-5.0
2013-10-16,11.0,-4.0
2013-10-23,15.0,4.0
2013-10-30,12.0,-3.0
2013-11-06,7.0,-5.0
2013-11-13,5.0,-2.0
2013-11-20,4.0,-1.0
2013-11-27,5.0,1.0
2013-12-04,3.0,-2.0
2013-12-11,0.0,-3.0
2013-12-18,1.0,1.0
2013-12-25,6.0,5.0
2014-01-01,6.0,0.0
2014-01-08,0.0,-6.0
2014-01-15,0.0,0.0
2014-01-22,0.0,0.0
2014-01-29,4.0,4.0
2014-02-05,0.0,-4.0
2014-02-12,0.0,0.0
2014-02-19,1.0,1.0
2014-02-26,1.0,0.0
2014-03-05,0.0,-1.0
2014-03-12,0.0,0.0
2014-03-19,0.0,0.0
2014-03-26,5.0,5.0
2014-04-02,0.0,-5.0
2014-04-09,0.0,0.0
2014-04-16,1.0,1.0
2014-04-23,4.0,3.0
2014-04-30,3.0,-1.0
2014-05-07,4.0,1.0
2014-05-14,3.0,-1.0
2014-05-21,3.0,0.0
2014-05-28,3.0,0.0
2014-06-04,13.0,10.0
2014-06-11,13.0,0.0
2014-06-18,16.0,3.0
2014-06-25,24.0,8.0
2014-07-02,21.0,-3.0
2014-07-09,22.0,1.0
2014-07-16,32.0,10.0
2014-07-23,34.0,2.0
2014-07-30,44.0,10.0
2014-08-06,31.0,-13.0
2014-08-13,30.0,-1.0
2014-08-20,21.0,-9.0
2014-08-27,29.0,8.0
2014-09-03,29.0,0.0
2014-09-10,34.0,5.0
2014-09-17,41.0,7.0
2014-09-24,33.0,-8.0
2014-10-01,29.0,-4.0
2014-10-08,29.0,0.0
2014-10-15,33.0,4.0
2014-10-22,31.0,-2.0
2014-10-29,32.0,1.0
2014-11-05,34.0,2.0
2014-11-12,13.0,-21.0
2014-11-19,15.0,2.0
2014-11-26,10.0,-5.0
2014-12-03,14.0,4.0
2014-12-10,7.0,-7.0
2014-12-17,8.0,1.0
2014-12-24,12.0,4.0
2014-12-31,5.0,-7.0
2015-01-07,0.0,-5.0
2015-01-14,0.0,0.0
2015-01-21,1.0,1.0
2015-01-28,0.0,-1.0
2015-02-04,0.0,0.0
2015-02-11,0.0,0.0
2015-02-18,0.0,0.0
2015-02-25,1.0,1.0
2015-03-04,0.0,-1.0
2015-03-11,0.0,0.0
2015-03-18,0.0,0.0
2015-03-25,2.0,2.0
2015-04-01,2.0,0.0
2015-04-08,0.0,-2.0
2015-04-15,5.0,5.0
2015-04-22,17.0,12.0
2015-04-29,9.0,-8.0
2015-05-06,9.0,0.0
2015-05-13,9.0,0.0
2015-05-20,14.0,5.0
2015-05-27,16.0,2.0
2015-06-03,19.0,3.0
2015-06-10,19.0,0.0
2015-06-17,21.0,2.0
2015-06-24,25.0,4.0
2015-07-01,26.0,1.0
2015-07-08,25.0,-1.0
2015-07-15,26.0,1.0
2015-07-22,27.0,1.0
2015-07-29,30.0,3.0
