Date,Values,Delta Calculations
2002-12-18,51.0, 
2002-12-25,90.0,39.0
2003-01-01,0.0,-90.0
2003-01-08,31.0,31.0
2003-01-15,44.0,13.0
2003-01-22,42.0,-2.0
2003-01-29,43.0,1.0
2003-02-05,6.0,-37.0
2003-02-12,16.0,10.0
2003-02-19,37.0,21.0
2003-02-26,36.0,-1.0
2003-03-05,32.0,-4.0
2003-03-12,32.0,0.0
2003-03-19,0.0,-32.0
2003-03-26,35.0,35.0
2003-04-02,33.0,-2.0
2003-04-09,22.0,-11.0
2003-04-16,39.0,17.0
2003-04-23,30.0,-9.0
2003-04-30,44.0,14.0
2003-05-07,42.0,-2.0
2003-05-14,36.0,-6.0
2003-05-21,35.0,-1.0
2003-05-28,21.0,-14.0
2003-06-04,26.0,5.0
2003-06-11,36.0,10.0
2003-06-18,20.0,-16.0
2003-06-25,13.0,-7.0
2003-07-02,22.0,9.0
2003-07-09,19.0,-3.0
2003-07-16,17.0,-2.0
2003-07-23,38.0,21.0
2003-07-30,13.0,-25.0
2003-08-06,19.0,6.0
2003-08-13,29.0,10.0
2003-08-20,20.0,-9.0
2003-08-27,17.0,-3.0
2003-09-03,28.0,11.0
2003-09-10,36.0,8.0
2003-09-17,35.0,-1.0
2003-09-24,56.0,21.0
2003-10-01,48.0,-8.0
2003-10-08,38.0,-10.0
2003-10-15,21.0,-17.0
2003-10-22,42.0,21.0
2003-10-29,21.0,-21.0
2003-11-05,5.0,-16.0
2003-11-12,43.0,38.0
2003-11-19,44.0,1.0
2003-11-26,35.0,-9.0
2003-12-03,41.0,6.0
2003-12-10,42.0,1.0
2003-12-17,52.0,10.0
2003-12-24,46.0,-6.0
2003-12-31,0.0,-46.0
2004-01-07,33.0,33.0
2004-01-14,28.0,-5.0
2004-01-21,16.0,-12.0
2004-01-28,31.0,15.0
2004-02-04,17.0,-14.0
2004-02-11,37.0,20.0
2004-02-18,20.0,-17.0
2004-02-25,0.0,-20.0
2004-03-03,0.0,0.0
2004-03-10,19.0,19.0
2004-03-17,40.0,21.0
2004-03-24,32.0,-8.0
2004-03-31,39.0,7.0
2004-04-07,12.0,-27.0
2004-04-14,0.0,-12.0
2004-04-21,7.0,7.0
2004-04-28,24.0,17.0
2004-05-05,46.0,22.0
2004-05-12,6.0,-40.0
2004-05-19,38.0,32.0
2004-05-26,45.0,7.0
2004-06-02,52.0,7.0
2004-06-09,37.0,-15.0
2004-06-16,38.0,1.0
2004-06-23,55.0,17.0
2004-06-30,43.0,-12.0
2004-07-07,57.0,14.0
2004-07-14,42.0,-15.0
2004-07-21,33.0,-9.0
2004-07-28,27.0,-6.0
2004-08-04,41.0,14.0
2004-08-11,53.0,12.0
2004-08-18,49.0,-4.0
2004-08-25,32.0,-17.0
2004-09-01,56.0,24.0
2004-09-08,47.0,-9.0
2004-09-15,48.0,1.0
2004-09-22,55.0,7.0
2004-09-29,55.0,0.0
2004-10-06,50.0,-5.0
2004-10-13,58.0,8.0
2004-10-20,70.0,12.0
2004-10-27,65.0,-5.0
2004-11-03,67.0,2.0
2004-11-10,71.0,4.0
2004-11-17,75.0,4.0
2004-11-24,82.0,7.0
2004-12-01,65.0,-17.0
2004-12-08,25.0,-40.0
2004-12-15,52.0,27.0
2004-12-22,55.0,3.0
2004-12-29,64.0,9.0
2005-01-05,12.0,-52.0
2005-01-12,47.0,35.0
2005-01-19,20.0,-27.0
2005-01-26,43.0,23.0
2005-02-02,32.0,-11.0
2005-02-09,23.0,-9.0
2005-02-16,47.0,24.0
2005-02-23,46.0,-1.0
2005-03-02,38.0,-8.0
2005-03-09,55.0,17.0
2005-03-16,43.0,-12.0
2005-03-23,19.0,-24.0
2005-03-30,33.0,14.0
2005-04-06,31.0,-2.0
2005-04-13,50.0,19.0
2005-04-20,60.0,10.0
2005-04-27,46.0,-14.0
2005-05-04,96.0,50.0
2005-05-11,139.0,43.0
2005-05-18,177.0,38.0
2005-05-25,189.0,12.0
2005-06-01,171.0,-18.0
2005-06-08,208.0,37.0
2005-06-15,182.0,-26.0
2005-06-22,202.0,20.0
2005-06-29,196.0,-6.0
2005-07-06,178.0,-18.0
2005-07-13,235.0,57.0
2005-07-20,277.0,42.0
2005-07-27,326.0,49.0
2005-08-03,388.0,62.0
2005-08-10,394.0,6.0
2005-08-17,396.0,2.0
2005-08-24,396.0,0.0
2005-08-31,404.0,8.0
2005-09-07,404.0,0.0
2005-09-14,398.0,-6.0
2005-09-21,397.0,-1.0
2005-09-28,389.0,-8.0
2005-10-05,397.0,8.0
2005-10-12,404.0,7.0
2005-10-19,400.0,-4.0
2005-10-26,408.0,8.0
2005-11-02,403.0,-5.0
2005-11-09,394.0,-9.0
2005-11-16,397.0,3.0
2005-11-23,428.0,31.0
2005-11-30,373.0,-55.0
2005-12-07,408.0,35.0
2005-12-14,441.0,33.0
2005-12-21,412.0,-29.0
2005-12-28,375.0,-37.0
2006-01-04,36.0,-339.0
2006-01-11,53.0,17.0
2006-01-18,33.0,-20.0
2006-01-25,52.0,19.0
2006-02-01,30.0,-22.0
2006-02-08,33.0,3.0
2006-02-15,44.0,11.0
2006-02-22,82.0,38.0
2006-03-01,133.0,51.0
2006-03-08,177.0,44.0
2006-03-15,203.0,26.0
2006-03-22,201.0,-2.0
2006-03-29,184.0,-17.0
2006-04-05,219.0,35.0
2006-04-12,194.0,-25.0
2006-04-19,227.0,33.0
2006-04-26,233.0,6.0
2006-05-03,228.0,-5.0
2006-05-10,240.0,12.0
2006-05-17,219.0,-21.0
2006-05-24,214.0,-5.0
2006-05-31,230.0,16.0
2006-06-07,222.0,-8.0
2006-06-14,214.0,-8.0
2006-06-21,239.0,25.0
2006-06-28,216.0,-23.0
2006-07-05,242.0,26.0
2006-07-12,234.0,-8.0
2006-07-19,212.0,-22.0
2006-07-26,244.0,32.0
2006-08-02,249.0,5.0
2006-08-09,238.0,-11.0
2006-08-16,230.0,-8.0
2006-08-23,225.0,-5.0
2006-08-30,233.0,8.0
2006-09-06,239.0,6.0
2006-09-13,240.0,1.0
2006-09-20,248.0,8.0
2006-09-27,245.0,-3.0
2006-10-04,240.0,-5.0
2006-10-11,229.0,-11.0
2006-10-18,248.0,19.0
2006-10-25,251.0,3.0
2006-11-01,263.0,12.0
2006-11-08,245.0,-18.0
2006-11-15,295.0,50.0
2006-11-22,365.0,70.0
2006-11-29,421.0,56.0
2006-12-06,468.0,47.0
2006-12-13,434.0,-34.0
2006-12-20,449.0,15.0
2006-12-27,447.0,-2.0
2007-01-03,20.0,-427.0
2007-01-10,44.0,24.0
2007-01-17,48.0,4.0
2007-01-24,43.0,-5.0
2007-01-31,60.0,17.0
2007-02-07,56.0,-4.0
2007-02-14,65.0,9.0
2007-02-21,54.0,-11.0
2007-02-28,79.0,25.0
2007-03-07,57.0,-22.0
2007-03-14,72.0,15.0
2007-03-21,61.0,-11.0
2007-03-28,111.0,50.0
2007-04-04,71.0,-40.0
2007-04-11,103.0,32.0
2007-04-18,119.0,16.0
2007-04-25,122.0,3.0
2007-05-02,87.0,-35.0
2007-05-09,108.0,21.0
2007-05-16,106.0,-2.0
2007-05-23,111.0,5.0
2007-05-30,106.0,-5.0
2007-06-06,190.0,84.0
2007-06-13,160.0,-30.0
2007-06-20,196.0,36.0
2007-06-27,197.0,1.0
2007-07-04,284.0,87.0
2007-07-11,66.0,-218.0
2007-07-18,74.0,8.0
2007-07-25,66.0,-8.0
2007-08-01,76.0,10.0
2007-08-08,63.0,-13.0
2007-08-15,53.0,-10.0
2007-08-22,82.0,29.0
2007-08-29,71.0,-11.0
2007-09-05,54.0,-17.0
2007-09-12,85.0,31.0
2007-09-19,53.0,-32.0
2007-09-26,75.0,22.0
2007-10-03,56.0,-19.0
2007-10-10,8.0,-48.0
2007-10-17,113.0,105.0
2007-10-24,79.0,-34.0
2007-10-31,71.0,-8.0
2007-11-07,152.0,81.0
2007-11-14,203.0,51.0
2007-11-21,242.0,39.0
2007-11-28,178.0,-64.0
2007-12-05,121.0,-57.0
2007-12-12,169.0,48.0
2007-12-19,156.0,-13.0
2007-12-26,203.0,47.0
2008-01-02,43.0,-160.0
2008-01-09,58.0,15.0
2008-01-16,1.0,-57.0
2008-01-23,147.0,146.0
2008-01-30,110.0,-37.0
2008-02-06,26.0,-84.0
2008-02-13,62.0,36.0
2008-02-20,84.0,22.0
2008-02-27,118.0,34.0
2008-03-05,121.0,3.0
2008-03-12,111.0,-10.0
2008-03-19,142.0,31.0
2008-03-26,297.0,155.0
2008-04-02,259.0,-38.0
2008-04-09,307.0,48.0
2008-04-16,252.0,-55.0
2008-04-23,214.0,-38.0
2008-04-30,211.0,-3.0
2008-05-07,272.0,61.0
2008-05-14,269.0,-3.0
2008-05-21,304.0,35.0
2008-05-28,256.0,-48.0
2008-06-04,247.0,-9.0
2008-06-11,234.0,-13.0
2008-06-18,238.0,4.0
2008-06-25,189.0,-49.0
2008-07-02,234.0,45.0
2008-07-09,166.0,-68.0
2008-07-16,211.0,45.0
2008-07-23,157.0,-54.0
2008-07-30,174.0,17.0
2008-08-06,177.0,3.0
2008-08-13,152.0,-25.0
2008-08-20,167.0,15.0
2008-08-27,222.0,55.0
2008-09-03,232.0,10.0
2008-09-10,178.0,-54.0
2008-09-17,258.0,80.0
2008-09-24,253.0,-5.0
2008-10-01,206.0,-47.0
2008-10-08,242.0,36.0
2008-10-15,221.0,-21.0
2008-10-22,207.0,-14.0
2008-10-29,253.0,46.0
2008-11-05,252.0,-1.0
2008-11-12,226.0,-26.0
2008-11-19,227.0,1.0
2008-11-26,267.0,40.0
2008-12-03,221.0,-46.0
2008-12-10,250.0,29.0
2008-12-17,376.0,126.0
2008-12-24,180.0,-196.0
2008-12-31,0.0,-180.0
2009-01-07,9.0,9.0
2009-01-14,10.0,1.0
2009-01-21,19.0,9.0
2009-01-28,27.0,8.0
2009-02-04,11.0,-16.0
2009-02-11,20.0,9.0
2009-02-18,0.0,-20.0
2009-02-25,10.0,10.0
2009-03-04,33.0,23.0
2009-03-11,105.0,72.0
2009-03-18,118.0,13.0
2009-03-25,135.0,17.0
2009-04-01,74.0,-61.0
2009-04-08,83.0,9.0
2009-04-15,67.0,-16.0
2009-04-22,120.0,53.0
2009-04-29,159.0,39.0
2009-05-06,120.0,-39.0
2009-05-13,231.0,111.0
2009-05-20,56.0,-175.0
2009-05-27,98.0,42.0
2009-06-03,120.0,22.0
2009-06-10,62.0,-58.0
2009-06-17,150.0,88.0
2009-06-24,118.0,-32.0
2009-07-01,113.0,-5.0
2009-07-08,102.0,-11.0
2009-07-15,70.0,-32.0
2009-07-22,126.0,56.0
2009-07-29,77.0,-49.0
2009-08-05,151.0,74.0
2009-08-12,92.0,-59.0
2009-08-19,150.0,58.0
2009-08-26,118.0,-32.0
2009-09-02,156.0,38.0
2009-09-09,142.0,-14.0
2009-09-16,167.0,25.0
2009-09-23,135.0,-32.0
2009-09-30,157.0,22.0
2009-10-07,138.0,-19.0
2009-10-14,226.0,88.0
2009-10-21,138.0,-88.0
2009-10-28,124.0,-14.0
2009-11-04,142.0,18.0
2009-11-11,299.0,157.0
2009-11-18,141.0,-158.0
2009-11-25,196.0,55.0
2009-12-02,140.0,-56.0
2009-12-09,117.0,-23.0
2009-12-16,144.0,27.0
2009-12-23,135.0,-9.0
2009-12-30,132.0,-3.0
2010-01-06,151.0,19.0
2010-01-13,170.0,19.0
2010-01-20,137.0,-33.0
2010-01-27,164.0,27.0
2010-02-03,155.0,-9.0
2010-02-10,177.0,22.0
2010-02-17,191.0,14.0
2010-02-24,203.0,12.0
2010-03-03,231.0,28.0
2010-03-10,172.0,-59.0
2010-03-17,200.0,28.0
2010-03-24,158.0,-42.0
2010-03-31,170.0,12.0
2010-04-07,176.0,6.0
2010-04-14,212.0,36.0
2010-04-21,116.0,-96.0
2010-04-28,98.0,-18.0
2010-05-05,126.0,28.0
2010-05-12,131.0,5.0
2010-05-19,147.0,16.0
2010-05-26,119.0,-28.0
2010-06-02,115.0,-4.0
2010-06-09,134.0,19.0
2010-06-16,170.0,36.0
2010-06-23,149.0,-21.0
2010-06-30,129.0,-20.0
2010-07-07,162.0,33.0
2010-07-14,145.0,-17.0
2010-07-21,144.0,-1.0
2010-07-28,131.0,-13.0
2010-08-04,155.0,24.0
2010-08-11,124.0,-31.0
2010-08-18,125.0,1.0
2010-08-25,103.0,-22.0
2010-09-01,133.0,30.0
2010-09-08,130.0,-3.0
2010-09-15,126.0,-4.0
2010-09-22,170.0,44.0
2010-09-29,131.0,-39.0
2010-10-06,170.0,39.0
2010-10-13,146.0,-24.0
2010-10-20,122.0,-24.0
2010-10-27,96.0,-26.0
2010-11-03,145.0,49.0
2010-11-10,124.0,-21.0
2010-11-17,74.0,-50.0
2010-11-24,140.0,66.0
2010-12-01,78.0,-62.0
2010-12-08,136.0,58.0
2010-12-15,120.0,-16.0
2010-12-22,121.0,1.0
2010-12-29,128.0,7.0
2011-01-05,0.0,-128.0
2011-01-12,0.0,0.0
2011-01-19,0.0,0.0
2011-01-26,0.0,0.0
2011-02-02,0.0,0.0
2011-02-09,0.0,0.0
2011-02-16,0.0,0.0
2011-02-23,0.0,0.0
2011-03-02,0.0,0.0
2011-03-09,0.0,0.0
2011-03-16,0.0,0.0
2011-03-23,0.0,0.0
2011-03-30,0.0,0.0
2011-04-06,0.0,0.0
2011-04-13,0.0,0.0
2011-04-20,0.0,0.0
2011-04-27,0.0,0.0
2011-05-04,0.0,0.0
2011-05-11,0.0,0.0
2011-05-18,0.0,0.0
2011-05-25,0.0,0.0
2011-06-01,0.0,0.0
2011-06-08,0.0,0.0
2011-06-15,0.0,0.0
2011-06-22,0.0,0.0
2011-06-29,0.0,0.0
2011-07-06,0.0,0.0
2011-07-13,0.0,0.0
2011-07-20,0.0,0.0
2011-07-27,0.0,0.0
2011-08-03,0.0,0.0
2011-08-10,0.0,0.0
2011-08-17,0.0,0.0
2011-08-24,0.0,0.0
2011-08-31,0.0,0.0
2011-09-07,0.0,0.0
2011-09-14,0.0,0.0
2011-09-21,0.0,0.0
2011-09-28,0.0,0.0
2011-10-05,0.0,0.0
2011-10-12,0.0,0.0
2011-10-19,0.0,0.0
2011-10-26,0.0,0.0
2011-11-02,0.0,0.0
2011-11-09,0.0,0.0
2011-11-16,0.0,0.0
2011-11-23,0.0,0.0
2011-11-30,0.0,0.0
2011-12-07,0.0,0.0
2011-12-14,0.0,0.0
2011-12-21,0.0,0.0
2011-12-28,0.0,0.0
2012-01-04,0.0,0.0
2012-01-11,0.0,0.0
2012-01-18,0.0,0.0
2012-01-25,0.0,0.0
2012-02-01,0.0,0.0
2012-02-08,0.0,0.0
2012-02-15,0.0,0.0
2012-02-22,0.0,0.0
2012-02-29,0.0,0.0
2012-03-07,0.0,0.0
2012-03-14,0.0,0.0
2012-03-21,0.0,0.0
2012-03-28,0.0,0.0
2012-04-04,0.0,0.0
2012-04-11,0.0,0.0
2012-04-18,0.0,0.0
2012-04-25,0.0,0.0
2012-05-02,0.0,0.0
2012-05-09,0.0,0.0
2012-05-16,0.0,0.0
2012-05-23,0.0,0.0
2012-05-30,0.0,0.0
2012-06-06,0.0,0.0
2012-06-13,0.0,0.0
2012-06-20,0.0,0.0
2012-06-27,0.0,0.0
2012-07-04,0.0,0.0
2012-07-11,0.0,0.0
2012-07-18,0.0,0.0
2012-07-25,0.0,0.0
2012-08-01,0.0,0.0
2012-08-08,0.0,0.0
2012-08-15,0.0,0.0
2012-08-22,0.0,0.0
2012-08-29,0.0,0.0
2012-09-05,0.0,0.0
2012-09-12,0.0,0.0
2012-09-19,0.0,0.0
2012-09-26,0.0,0.0
2012-10-03,0.0,0.0
2012-10-10,0.0,0.0
2012-10-17,0.0,0.0
2012-10-24,0.0,0.0
2012-10-31,0.0,0.0
2012-11-07,0.0,0.0
2012-11-14,0.0,0.0
2012-11-21,0.0,0.0
2012-11-28,0.0,0.0
2012-12-05,0.0,0.0
2012-12-12,0.0,0.0
2012-12-19,0.0,0.0
2012-12-26,0.0,0.0
2013-01-02,0.0,0.0
2013-01-09,0.0,0.0
2013-01-16,0.0,0.0
2013-01-23,0.0,0.0
2013-01-30,0.0,0.0
2013-02-06,0.0,0.0
2013-02-13,0.0,0.0
2013-02-20,0.0,0.0
2013-02-27,0.0,0.0
2013-03-06,0.0,0.0
2013-03-13,0.0,0.0
2013-03-20,0.0,0.0
2013-03-27,0.0,0.0
2013-04-03,0.0,0.0
2013-04-10,0.0,0.0
2013-04-17,0.0,0.0
2013-04-24,0.0,0.0
2013-05-01,0.0,0.0
2013-05-08,0.0,0.0
2013-05-15,0.0,0.0
2013-05-22,0.0,0.0
2013-05-29,0.0,0.0
2013-06-05,0.0,0.0
2013-06-12,0.0,0.0
2013-06-19,0.0,0.0
2013-06-26,0.0,0.0
2013-07-03,0.0,0.0
2013-07-10,0.0,0.0
2013-07-17,0.0,0.0
2013-07-24,0.0,0.0
2013-07-31,0.0,0.0
2013-08-07,0.0,0.0
2013-08-14,0.0,0.0
2013-08-21,0.0,0.0
2013-08-28,0.0,0.0
2013-09-04,0.0,0.0
2013-09-11,0.0,0.0
2013-09-18,0.0,0.0
2013-09-25,0.0,0.0
2013-10-02,0.0,0.0
2013-10-09,0.0,0.0
2013-10-16,0.0,0.0
2013-10-23,0.0,0.0
2013-10-30,0.0,0.0
2013-11-06,0.0,0.0
2013-11-13,0.0,0.0
2013-11-20,0.0,0.0
2013-11-27,0.0,0.0
2013-12-04,0.0,0.0
2013-12-11,0.0,0.0
2013-12-18,0.0,0.0
2013-12-25,0.0,0.0
2014-01-01,0.0,0.0
2014-01-08,0.0,0.0
2014-01-15,0.0,0.0
2014-01-22,0.0,0.0
2014-01-29,0.0,0.0
2014-02-05,0.0,0.0
2014-02-12,0.0,0.0
2014-02-19,0.0,0.0
2014-02-26,0.0,0.0
2014-03-05,0.0,0.0
2014-03-12,0.0,0.0
2014-03-19,0.0,0.0
2014-03-26,0.0,0.0
2014-04-02,0.0,0.0
2014-04-09,0.0,0.0
2014-04-16,0.0,0.0
2014-04-23,0.0,0.0
2014-04-30,0.0,0.0
2014-05-07,0.0,0.0
2014-05-14,0.0,0.0
2014-05-21,0.0,0.0
2014-05-28,0.0,0.0
2014-06-04,0.0,0.0
2014-06-11,0.0,0.0
2014-06-18,0.0,0.0
2014-06-25,0.0,0.0
2014-07-02,0.0,0.0
2014-07-09,0.0,0.0
2014-07-16,0.0,0.0
2014-07-23,0.0,0.0
2014-07-30,0.0,0.0
2014-08-06,0.0,0.0
2014-08-13,0.0,0.0
2014-08-20,0.0,0.0
2014-08-27,0.0,0.0
2014-09-03,0.0,0.0
2014-09-10,0.0,0.0
2014-09-17,0.0,0.0
2014-09-24,0.0,0.0
2014-10-01,0.0,0.0
2014-10-08,0.0,0.0
2014-10-15,0.0,0.0
2014-10-22,0.0,0.0
2014-10-29,0.0,0.0
2014-11-05,0.0,0.0
2014-11-12,0.0,0.0
2014-11-19,0.0,0.0
2014-11-26,0.0,0.0
2014-12-03,0.0,0.0
2014-12-10,0.0,0.0
2014-12-17,0.0,0.0
2014-12-24,0.0,0.0
2014-12-31,0.0,0.0
2015-01-07,0.0,0.0
2015-01-14,0.0,0.0
2015-01-21,0.0,0.0
2015-01-28,0.0,0.0
2015-02-04,0.0,0.0
2015-02-11,0.0,0.0
2015-02-18,0.0,0.0
2015-02-25,0.0,0.0
2015-03-04,0.0,0.0
2015-03-11,0.0,0.0
2015-03-18,0.0,0.0
2015-03-25,0.0,0.0
2015-04-01,0.0,0.0
2015-04-08,0.0,0.0
2015-04-15,0.0,0.0
2015-04-22,0.0,0.0
2015-04-29,0.0,0.0
2015-05-06,0.0,0.0
2015-05-13,0.0,0.0
2015-05-20,0.0,0.0
2015-05-27,0.0,0.0
2015-06-03,0.0,0.0
2015-06-10,0.0,0.0
2015-06-17,0.0,0.0
2015-06-24,0.0,0.0
2015-07-01,0.0,0.0
2015-07-08,0.0,0.0
2015-07-15,0.0,0.0
2015-07-22,0.0,0.0
2015-07-29,0.0,0.0
