Date,Values,Delta Calculations
2009-01-14,561.0, 
2009-01-21,596.0,35.0
2009-01-28,734.0,138.0
2009-02-04,734.0,0.0
2009-02-11,734.0,0.0
2009-02-18,6496.0,5762.0
2009-02-25,6840.0,344.0
2009-03-04,6856.0,16.0
2009-03-11,6861.0,5.0
2009-03-18,23530.0,16669.0
2009-03-25,23497.0,-33.0
2009-04-01,23545.0,48.0
2009-04-08,23546.0,1.0
2009-04-15,35385.0,11839.0
2009-04-22,44290.0,8905.0
2009-04-29,44116.0,-174.0
2009-05-06,44076.0,-40.0
2009-05-13,51995.0,7919.0
2009-05-20,51987.0,-8.0
2009-05-27,51514.0,-473.0
2009-06-03,51524.0,10.0
2009-06-10,51498.0,-26.0
2009-06-17,54937.0,3439.0
2009-06-24,56294.0,1357.0
2009-07-01,55718.0,-576.0
2009-07-08,55719.0,1.0
2009-07-15,63426.0,7707.0
2009-07-22,65721.0,2295.0
2009-07-29,65410.0,-311.0
2009-08-05,65410.0,0.0
2009-08-12,65410.0,0.0
2009-08-19,73440.0,8030.0
2009-08-26,75047.0,1607.0
2009-09-02,75334.0,287.0
2009-09-09,75337.0,3.0
2009-09-16,82540.0,7203.0
2009-09-23,83569.0,1029.0
2009-09-30,83420.0,-149.0
2009-10-07,83411.0,-9.0
2009-10-14,91412.0,8001.0
2009-10-21,93602.0,2190.0
2009-10-28,93264.0,-338.0
2009-11-04,93304.0,40.0
2009-11-11,93446.0,142.0
2009-11-18,102057.0,8611.0
2009-11-25,102669.0,612.0
2009-12-02,102675.0,6.0
2009-12-09,102933.0,258.0
2009-12-16,108586.0,5653.0
2009-12-23,109695.0,1109.0
2009-12-30,109432.0,-263.0
2010-01-06,109490.0,58.0
2010-01-13,116702.0,7212.0
2010-01-20,116980.0,278.0
2010-01-27,116839.0,-141.0
2010-02-03,116911.0,72.0
2010-02-10,117699.0,788.0
2010-02-17,123564.0,5865.0
2010-02-24,124409.0,845.0
2010-03-03,123719.0,-690.0
2010-03-10,124001.0,282.0
2010-03-17,128491.0,4490.0
2010-03-24,129378.0,887.0
2010-03-31,128763.0,-615.0
2010-04-07,128768.0,5.0
2010-04-14,132761.0,3993.0
2010-04-21,104273.0,-28488.0
2010-04-28,103751.0,-522.0
2010-05-05,103846.0,95.0
2010-05-12,103935.0,89.0
2010-05-19,105934.0,1999.0
2010-05-26,105312.0,-622.0
2010-06-02,105379.0,67.0
2010-06-09,105384.0,5.0
2010-06-16,106702.0,1318.0
2010-06-23,106802.0,100.0
2010-06-30,105806.0,-996.0
2010-07-07,105821.0,15.0
2010-07-14,106793.0,972.0
2010-07-21,106417.0,-376.0
2010-07-28,105744.0,-673.0
2010-08-04,105769.0,25.0
2010-08-11,105932.0,163.0
2010-08-18,105322.0,-610.0
2010-08-25,104390.0,-932.0
2010-09-01,104390.0,0.0
2010-09-08,104390.0,0.0
2010-09-15,103355.0,-1035.0
2010-09-22,103321.0,-34.0
2010-09-29,102060.0,-1261.0
2010-10-06,102060.0,0.0
2010-10-13,102060.0,0.0
2010-10-20,100849.0,-1211.0
2010-10-27,99457.0,-1392.0
2010-11-03,99457.0,0.0
2010-11-10,99457.0,0.0
2010-11-17,98250.0,-1207.0
2010-11-24,98205.0,-45.0
2010-12-01,96771.0,-1434.0
2010-12-08,96771.0,0.0
2010-12-15,95465.0,-1306.0
2010-12-22,95423.0,-42.0
2010-12-29,93884.0,-1539.0
2011-01-05,93884.0,0.0
2011-01-12,93884.0,0.0
2011-01-19,92750.0,-1134.0
2011-01-26,91323.0,-1427.0
2011-02-02,91323.0,0.0
2011-02-09,91323.0,0.0
2011-02-16,90695.0,-628.0
2011-02-23,90672.0,-23.0
2011-03-02,89795.0,-877.0
2011-03-09,89795.0,0.0
2011-03-16,89338.0,-457.0
2011-03-23,89314.0,-24.0
2011-03-30,88681.0,-633.0
2011-04-06,88681.0,0.0
2011-04-13,88681.0,0.0
2011-04-20,69378.0,-19303.0
2011-04-27,68917.0,-461.0
2011-05-04,68917.0,0.0
2011-05-11,68917.0,0.0
2011-05-18,68661.0,-256.0
2011-05-25,68236.0,-425.0
2011-06-01,68236.0,0.0
2011-06-08,68236.0,0.0
2011-06-15,67987.0,-249.0
2011-06-22,67973.0,-14.0
2011-06-29,67567.0,-406.0
2011-07-06,67567.0,0.0
2011-07-13,67567.0,0.0
2011-07-20,67219.0,-348.0
2011-07-27,66706.0,-513.0
2011-08-03,66706.0,0.0
2011-08-10,66706.0,0.0
2011-08-17,66356.0,-350.0
2011-08-24,66340.0,-16.0
2011-08-31,65789.0,-551.0
2011-09-07,65789.0,0.0
2011-09-14,65789.0,0.0
2011-09-21,65365.0,-424.0
2011-09-28,64744.0,-621.0
2011-10-05,64744.0,0.0
2011-10-12,64744.0,0.0
2011-10-19,64089.0,-655.0
2011-10-26,63136.0,-953.0
2011-11-02,63136.0,0.0
2011-11-09,63136.0,0.0
2011-11-16,62595.0,-541.0
2011-11-23,62567.0,-28.0
2011-11-30,61485.0,-1082.0
2011-12-07,61485.0,0.0
2011-12-14,63792.0,2307.0
2011-12-21,63319.0,-473.0
2011-12-28,62247.0,-1072.0
2012-01-04,62280.0,33.0
2012-01-11,62468.0,188.0
2012-01-18,63000.0,532.0
2012-01-25,62122.0,-878.0
2012-02-01,62151.0,29.0
2012-02-08,62153.0,2.0
2012-02-15,63028.0,875.0
2012-02-22,63418.0,390.0
2012-02-29,62507.0,-911.0
2012-03-07,62507.0,0.0
2012-03-14,63480.0,973.0
2012-03-21,63285.0,-195.0
2012-03-28,62209.0,-1076.0
2012-04-04,62209.0,0.0
2012-04-11,62209.0,0.0
2012-04-18,51572.0,-10637.0
2012-04-25,51116.0,-456.0
2012-05-02,51118.0,2.0
2012-05-09,51118.0,0.0
2012-05-16,51745.0,627.0
2012-05-23,52153.0,408.0
2012-05-30,51355.0,-798.0
2012-06-06,51355.0,0.0
2012-06-13,52330.0,975.0
2012-06-20,52337.0,7.0
2012-06-27,51549.0,-788.0
2012-07-04,51552.0,3.0
2012-07-11,51554.0,2.0
2012-07-18,52034.0,480.0
2012-07-25,51452.0,-582.0
2012-08-01,51459.0,7.0
2012-08-08,51460.0,1.0
2012-08-15,51500.0,40.0
2012-08-22,51810.0,310.0
2012-08-29,50863.0,-947.0
2012-09-05,50870.0,7.0
2012-09-12,50871.0,1.0
2012-09-19,51258.0,387.0
2012-09-26,50343.0,-915.0
2012-10-03,50344.0,1.0
2012-10-10,50345.0,1.0
2012-10-17,51991.0,1646.0
2012-10-24,52339.0,348.0
2012-10-31,51372.0,-967.0
2012-11-07,51373.0,1.0
2012-11-14,53602.0,2229.0
2012-11-21,54299.0,697.0
2012-11-28,53271.0,-1028.0
2012-12-05,53278.0,7.0
2012-12-12,56000.0,2722.0
2012-12-19,56277.0,277.0
2012-12-26,55865.0,-412.0
2013-01-02,55873.0,8.0
2013-01-09,55874.0,1.0
2013-01-16,57134.0,1260.0
2013-01-23,59279.0,2145.0
2013-01-30,58230.0,-1049.0
2013-02-06,58236.0,6.0
2013-02-13,60876.0,2640.0
2013-02-20,62265.0,1389.0
2013-02-27,61253.0,-1012.0
2013-03-06,61254.0,1.0
2013-03-13,63963.0,2709.0
2013-03-20,65449.0,1486.0
2013-03-27,64570.0,-879.0
2013-04-03,64572.0,2.0
2013-04-10,64579.0,7.0
2013-04-17,74807.0,10228.0
2013-04-24,75463.0,656.0
2013-05-01,74502.0,-961.0
2013-05-08,74503.0,1.0
2013-05-15,76426.0,1923.0
2013-05-22,78305.0,1879.0
2013-05-29,77385.0,-920.0
2013-06-05,77389.0,4.0
2013-06-12,77390.0,1.0
2013-06-19,80311.0,2921.0
2013-06-26,80254.0,-57.0
2013-07-03,80255.0,1.0
2013-07-10,80256.0,1.0
2013-07-17,82009.0,1753.0
2013-07-24,83762.0,1753.0
2013-07-31,82834.0,-928.0
2013-08-07,82834.0,0.0
2013-08-14,86346.0,3512.0
2013-08-21,86569.0,223.0
2013-08-28,85782.0,-787.0
2013-09-04,85786.0,4.0
2013-09-11,85791.0,5.0
2013-09-18,88999.0,3208.0
2013-09-25,89148.0,149.0
2013-10-02,89156.0,8.0
2013-10-09,89158.0,2.0
2013-10-16,92186.0,3028.0
2013-10-23,93045.0,859.0
2013-10-30,92581.0,-464.0
2013-11-06,92581.0,0.0
2013-11-13,95295.0,2714.0
2013-11-20,95251.0,-44.0
2013-11-27,95648.0,397.0
2013-12-04,95648.0,0.0
2013-12-11,98511.0,2863.0
2013-12-18,98674.0,163.0
2013-12-25,99440.0,766.0
2014-01-01,98989.0,-451.0
2014-01-08,98990.0,1.0
2014-01-15,101317.0,2327.0
2014-01-22,102265.0,948.0
2014-01-29,101784.0,-481.0
2014-02-05,101784.0,0.0
2014-02-12,101785.0,1.0
2014-02-19,104206.0,2421.0
2014-02-26,104297.0,91.0
2014-03-05,104301.0,4.0
2014-03-12,104302.0,1.0
2014-03-19,106484.0,2182.0
2014-03-26,106492.0,8.0
2014-04-02,106492.0,0.0
2014-04-09,88619.0,-17873.0
2014-04-16,90251.0,1632.0
2014-04-23,90610.0,359.0
2014-04-30,90209.0,-401.0
2014-05-07,90209.0,0.0
2014-05-14,91544.0,1335.0
2014-05-21,91532.0,-12.0
2014-05-28,91099.0,-433.0
2014-06-04,91100.0,1.0
2014-06-11,91101.0,1.0
2014-06-18,92227.0,1126.0
2014-06-25,91979.0,-248.0
2014-07-02,91979.0,0.0
2014-07-09,91979.0,0.0
2014-07-16,92702.0,723.0
2014-07-23,93105.0,403.0
2014-07-30,92558.0,-547.0
2014-08-06,92558.0,0.0
2014-08-13,93343.0,785.0
2014-08-20,92975.0,-368.0
2014-08-27,92776.0,-199.0
2014-09-03,92776.0,0.0
2014-09-10,92777.0,1.0
2014-09-17,94003.0,1226.0
2014-09-24,94322.0,319.0
2014-10-01,93777.0,-545.0
2014-10-08,93777.0,0.0
2014-10-15,94720.0,943.0
2014-10-22,94829.0,109.0
2014-10-29,94964.0,135.0
2014-11-05,94964.0,0.0
2014-11-12,94964.0,0.0
2014-11-19,95904.0,940.0
2014-11-26,95622.0,-282.0
2014-12-03,95623.0,1.0
2014-12-10,95623.0,0.0
2014-12-17,96294.0,671.0
2014-12-24,96594.0,300.0
2014-12-31,96011.0,-583.0
2015-01-07,96011.0,0.0
2015-01-14,96835.0,824.0
2015-01-21,96768.0,-67.0
2015-01-28,96113.0,-655.0
2015-02-04,96113.0,0.0
2015-02-11,96114.0,1.0
2015-02-18,96685.0,571.0
2015-02-25,96198.0,-487.0
2015-03-04,96199.0,1.0
2015-03-11,96200.0,1.0
2015-03-18,96513.0,313.0
2015-03-25,95739.0,-774.0
2015-04-01,95740.0,1.0
2015-04-08,95740.0,0.0
2015-04-15,95879.0,139.0
2015-04-22,97818.0,1939.0
2015-04-29,96792.0,-1026.0
2015-05-06,96793.0,1.0
2015-05-13,98199.0,1406.0
2015-05-20,97840.0,-359.0
2015-05-27,96994.0,-846.0
2015-06-03,96994.0,0.0
2015-06-10,96994.0,0.0
2015-06-17,98032.0,1038.0
2015-06-24,98343.0,311.0
2015-07-01,97536.0,-807.0
2015-07-08,97536.0,0.0
2015-07-15,98197.0,661.0
2015-07-22,98516.0,319.0
2015-07-29,97692.0,-824.0
