Date,Values,Delta Calculations
2002-12-18,2.0, 
2002-12-25,10.0,8.0
2003-01-01,6.0,-4.0
2003-01-08,4.0,-2.0
2003-01-15,7.0,3.0
2003-01-22,4.0,-3.0
2003-01-29,3.0,-1.0
2003-02-05,0.0,-3.0
2003-02-12,0.0,0.0
2003-02-19,0.0,0.0
2003-02-26,0.0,0.0
2003-03-05,4.0,4.0
2003-03-12,2.0,-2.0
2003-03-19,0.0,-2.0
2003-03-26,2.0,2.0
2003-04-02,1.0,-1.0
2003-04-09,1.0,0.0
2003-04-16,1.0,0.0
2003-04-23,2.0,1.0
2003-04-30,6.0,4.0
2003-05-07,16.0,10.0
2003-05-14,11.0,-5.0
2003-05-21,7.0,-4.0
2003-05-28,11.0,4.0
2003-06-04,11.0,0.0
2003-06-11,14.0,3.0
2003-06-18,13.0,-1.0
2003-06-25,16.0,3.0
2003-07-02,18.0,2.0
2003-07-09,21.0,3.0
2003-07-16,27.0,6.0
2003-07-23,25.0,-2.0
2003-07-30,26.0,1.0
2003-08-06,29.0,3.0
2003-08-13,34.0,5.0
2003-08-20,37.0,3.0
2003-08-27,36.0,-1.0
2003-09-03,36.0,0.0
2003-09-10,39.0,3.0
2003-09-17,42.0,3.0
2003-09-24,42.0,0.0
2003-10-01,37.0,-5.0
2003-10-08,29.0,-8.0
2003-10-15,29.0,0.0
2003-10-22,29.0,0.0
2003-10-29,21.0,-8.0
2003-11-05,10.0,-11.0
2003-11-12,9.0,-1.0
2003-11-19,8.0,-1.0
2003-11-26,10.0,2.0
2003-12-03,6.0,-4.0
2003-12-10,6.0,0.0
2003-12-17,10.0,4.0
2003-12-24,22.0,12.0
2003-12-31,17.0,-5.0
2004-01-07,7.0,-10.0
2004-01-14,5.0,-2.0
2004-01-21,7.0,2.0
2004-01-28,16.0,9.0
2004-02-04,7.0,-9.0
2004-02-11,13.0,6.0
2004-02-18,8.0,-5.0
2004-02-25,8.0,0.0
2004-03-03,12.0,4.0
2004-03-10,10.0,-2.0
2004-03-17,16.0,6.0
2004-03-24,15.0,-1.0
2004-03-31,12.0,-3.0
2004-04-07,19.0,7.0
2004-04-14,17.0,-2.0
2004-04-21,20.0,3.0
2004-04-28,29.0,9.0
2004-05-05,33.0,4.0
2004-05-12,38.0,5.0
2004-05-19,46.0,8.0
2004-05-26,53.0,7.0
2004-06-02,56.0,3.0
2004-06-09,52.0,-4.0
2004-06-16,61.0,9.0
2004-06-23,64.0,3.0
2004-06-30,169.0,105.0
2004-07-07,62.0,-107.0
2004-07-14,68.0,6.0
2004-07-21,72.0,4.0
2004-07-28,74.0,2.0
2004-08-04,70.0,-4.0
2004-08-11,65.0,-5.0
2004-08-18,70.0,5.0
2004-08-25,60.0,-10.0
2004-09-01,59.0,-1.0
2004-09-08,58.0,-1.0
2004-09-15,68.0,10.0
2004-09-22,69.0,1.0
2004-09-29,74.0,5.0
2004-10-06,64.0,-10.0
2004-10-13,58.0,-6.0
2004-10-20,40.0,-18.0
2004-10-27,39.0,-1.0
2004-11-03,17.0,-22.0
2004-11-10,17.0,0.0
2004-11-17,20.0,3.0
2004-11-24,24.0,4.0
2004-12-01,10.0,-14.0
2004-12-08,11.0,1.0
2004-12-15,12.0,1.0
2004-12-22,11.0,-1.0
2004-12-29,17.0,6.0
2005-01-05,8.0,-9.0
2005-01-12,7.0,-1.0
2005-01-19,12.0,5.0
2005-01-26,15.0,3.0
2005-02-02,5.0,-10.0
2005-02-09,9.0,4.0
2005-02-16,9.0,0.0
2005-02-23,7.0,-2.0
2005-03-02,9.0,2.0
2005-03-09,16.0,7.0
2005-03-16,23.0,7.0
2005-03-23,22.0,-1.0
2005-03-30,25.0,3.0
2005-04-06,36.0,11.0
2005-04-13,42.0,6.0
2005-04-20,43.0,1.0
2005-04-27,50.0,7.0
2005-05-04,56.0,6.0
2005-05-11,65.0,9.0
2005-05-18,68.0,3.0
2005-05-25,73.0,5.0
2005-06-01,68.0,-5.0
2005-06-08,71.0,3.0
2005-06-15,71.0,0.0
2005-06-22,78.0,7.0
2005-06-29,90.0,12.0
2005-07-06,79.0,-11.0
2005-07-13,81.0,2.0
2005-07-20,101.0,20.0
2005-07-27,100.0,-1.0
2005-08-03,100.0,0.0
2005-08-10,95.0,-5.0
2005-08-17,265.0,170.0
2005-08-24,105.0,-160.0
2005-08-31,104.0,-1.0
2005-09-07,89.0,-15.0
2005-09-14,90.0,1.0
2005-09-21,93.0,3.0
2005-09-28,96.0,3.0
2005-10-05,86.0,-10.0
2005-10-12,76.0,-10.0
2005-10-19,65.0,-11.0
2005-10-26,54.0,-11.0
2005-11-02,42.0,-12.0
2005-11-09,38.0,-4.0
2005-11-16,32.0,-6.0
2005-11-23,30.0,-2.0
2005-11-30,29.0,-1.0
2005-12-07,18.0,-11.0
2005-12-14,28.0,10.0
2005-12-21,26.0,-2.0
2005-12-28,22.0,-4.0
2006-01-04,7.0,-15.0
2006-01-11,13.0,6.0
2006-01-18,25.0,12.0
2006-01-25,16.0,-9.0
2006-02-01,16.0,0.0
2006-02-08,17.0,1.0
2006-02-15,17.0,0.0
2006-02-22,15.0,-2.0
2006-03-01,24.0,9.0
2006-03-08,27.0,3.0
2006-03-15,32.0,5.0
2006-03-22,34.0,2.0
2006-03-29,38.0,4.0
2006-04-05,38.0,0.0
2006-04-12,39.0,1.0
2006-04-19,40.0,1.0
2006-04-26,50.0,10.0
2006-05-03,65.0,15.0
2006-05-10,65.0,0.0
2006-05-17,67.0,2.0
2006-05-24,69.0,2.0
2006-05-31,82.0,13.0
2006-06-07,87.0,5.0
2006-06-14,84.0,-3.0
2006-06-21,88.0,4.0
2006-06-28,102.0,14.0
2006-07-05,90.0,-12.0
2006-07-12,96.0,6.0
2006-07-19,94.0,-2.0
2006-07-26,102.0,8.0
2006-08-02,89.0,-13.0
2006-08-09,85.0,-4.0
2006-08-16,84.0,-1.0
2006-08-23,89.0,5.0
2006-08-30,95.0,6.0
2006-09-06,90.0,-5.0
2006-09-13,96.0,6.0
2006-09-20,103.0,7.0
2006-09-27,117.0,14.0
2006-10-04,88.0,-29.0
2006-10-11,78.0,-10.0
2006-10-18,68.0,-10.0
2006-10-25,62.0,-6.0
2006-11-01,69.0,7.0
2006-11-08,57.0,-12.0
2006-11-15,51.0,-6.0
2006-11-22,43.0,-8.0
2006-11-29,49.0,6.0
2006-12-06,36.0,-13.0
2006-12-13,28.0,-8.0
2006-12-20,34.0,6.0
2006-12-27,28.0,-6.0
2007-01-03,28.0,0.0
2007-01-10,3.0,-25.0
2007-01-17,4.0,1.0
2007-01-24,5.0,1.0
2007-01-31,4.0,-1.0
2007-02-07,5.0,1.0
2007-02-14,6.0,1.0
2007-02-21,6.0,0.0
2007-02-28,4.0,-2.0
2007-03-07,11.0,7.0
2007-03-14,11.0,0.0
2007-03-21,11.0,0.0
2007-03-28,13.0,2.0
2007-04-04,17.0,4.0
2007-04-11,29.0,12.0
2007-04-18,25.0,-4.0
2007-04-25,21.0,-4.0
2007-05-02,33.0,12.0
2007-05-09,29.0,-4.0
2007-05-16,36.0,7.0
2007-05-23,40.0,4.0
2007-05-30,37.0,-3.0
2007-06-06,40.0,3.0
2007-06-13,44.0,4.0
2007-06-20,39.0,-5.0
2007-06-27,48.0,9.0
2007-07-04,51.0,3.0
2007-07-11,53.0,2.0
2007-07-18,56.0,3.0
2007-07-25,55.0,-1.0
2007-08-01,52.0,-3.0
2007-08-08,55.0,3.0
2007-08-15,47.0,-8.0
2007-08-22,48.0,1.0
2007-08-29,46.0,-2.0
2007-09-05,47.0,1.0
2007-09-12,49.0,2.0
2007-09-19,47.0,-2.0
2007-09-26,33.0,-14.0
2007-10-03,30.0,-3.0
2007-10-10,26.0,-4.0
2007-10-17,13.0,-13.0
2007-10-24,16.0,3.0
2007-10-31,22.0,6.0
2007-11-07,9.0,-13.0
2007-11-14,12.0,3.0
2007-11-21,8.0,-4.0
2007-11-28,13.0,5.0
2007-12-05,7.0,-6.0
2007-12-12,4.0,-3.0
2007-12-19,5.0,1.0
2007-12-26,11.0,6.0
2008-01-02,3.0,-8.0
2008-01-09,0.0,-3.0
2008-01-16,4.0,4.0
2008-01-23,2.0,-2.0
2008-01-30,0.0,-2.0
2008-02-06,0.0,0.0
2008-02-13,4.0,4.0
2008-02-20,230.0,226.0
2008-02-27,0.0,-230.0
2008-03-05,1.0,1.0
2008-03-12,2.0,1.0
2008-03-19,4.0,2.0
2008-03-26,4.0,0.0
2008-04-02,228.0,224.0
2008-04-09,229.0,1.0
2008-04-16,379.0,150.0
2008-04-23,613.0,234.0
2008-04-30,500.0,-113.0
2008-05-07,534.0,34.0
2008-05-14,558.0,24.0
2008-05-21,574.0,16.0
2008-05-28,496.0,-78.0
2008-06-04,488.0,-8.0
2008-06-11,811.0,323.0
2008-06-18,806.0,-5.0
2008-06-25,668.0,-138.0
2008-07-02,936.0,268.0
2008-07-09,1092.0,156.0
2008-07-16,728.0,-364.0
2008-07-23,880.0,152.0
2008-07-30,1110.0,230.0
2008-08-06,1195.0,85.0
2008-08-13,863.0,-332.0
2008-08-20,925.0,62.0
2008-08-27,930.0,5.0
2008-09-03,986.0,56.0
2008-09-10,944.0,-42.0
2008-09-17,1417.0,473.0
2008-09-24,1479.0,62.0
2008-10-01,1446.0,-33.0
2008-10-08,1774.0,328.0
2008-10-15,1894.0,120.0
2008-10-22,1998.0,104.0
2008-10-29,1951.0,-47.0
2008-11-05,1907.0,-44.0
2008-11-12,1868.0,-39.0
2008-11-19,1303.0,-565.0
2008-11-26,1390.0,87.0
2008-12-03,1322.0,-68.0
2008-12-10,1444.0,122.0
2008-12-17,1598.0,154.0
2008-12-24,1594.0,-4.0
2008-12-31,1828.0,234.0
2009-01-07,1829.0,1.0
2009-01-14,1997.0,168.0
2009-01-21,2262.0,265.0
2009-01-28,2566.0,304.0
2009-02-04,2133.0,-433.0
2009-02-11,1954.0,-179.0
2009-02-18,1862.0,-92.0
2009-02-25,1948.0,86.0
2009-03-04,1998.0,50.0
2009-03-11,1889.0,-109.0
2009-03-18,1915.0,26.0
2009-03-25,1774.0,-141.0
2009-04-01,1793.0,19.0
2009-04-08,1795.0,2.0
2009-04-15,1813.0,18.0
2009-04-22,1906.0,93.0
2009-04-29,2074.0,168.0
2009-05-06,2089.0,15.0
2009-05-13,1824.0,-265.0
2009-05-20,1772.0,-52.0
2009-05-27,1768.0,-4.0
2009-06-03,1681.0,-87.0
2009-06-10,1668.0,-13.0
2009-06-17,1563.0,-105.0
2009-06-24,1580.0,17.0
2009-07-01,1489.0,-91.0
2009-07-08,1418.0,-71.0
2009-07-15,1514.0,96.0
2009-07-22,1334.0,-180.0
2009-07-29,1262.0,-72.0
2009-08-05,1357.0,95.0
2009-08-12,1242.0,-115.0
2009-08-19,1119.0,-123.0
2009-08-26,1126.0,7.0
2009-09-02,1100.0,-26.0
2009-09-09,1083.0,-17.0
2009-09-16,1040.0,-43.0
2009-09-23,1026.0,-14.0
2009-09-30,1064.0,38.0
2009-10-07,993.0,-71.0
2009-10-14,932.0,-61.0
2009-10-21,920.0,-12.0
2009-10-28,847.0,-73.0
2009-11-04,449.0,-398.0
2009-11-11,410.0,-39.0
2009-11-18,361.0,-49.0
2009-11-25,438.0,77.0
2009-12-02,409.0,-29.0
2009-12-09,378.0,-31.0
2009-12-16,354.0,-24.0
2009-12-23,352.0,-2.0
2009-12-30,454.0,102.0
2010-01-06,383.0,-71.0
2010-01-13,352.0,-31.0
2010-01-20,307.0,-45.0
2010-01-27,302.0,-5.0
2010-02-03,309.0,7.0
2010-02-10,261.0,-48.0
2010-02-17,262.0,1.0
2010-02-24,177.0,-85.0
2010-03-03,145.0,-32.0
2010-03-10,127.0,-18.0
2010-03-17,100.0,-27.0
2010-03-24,87.0,-13.0
2010-03-31,73.0,-14.0
2010-04-07,21.0,-52.0
2010-04-14,25.0,4.0
2010-04-21,31.0,6.0
2010-04-28,23.0,-8.0
2010-05-05,11.0,-12.0
2010-05-12,13.0,2.0
2010-05-19,20.0,7.0
2010-05-26,20.0,0.0
2010-06-02,14.0,-6.0
2010-06-09,10.0,-4.0
2010-06-16,16.0,6.0
2010-06-23,35.0,19.0
2010-06-30,8.0,-27.0
2010-07-07,10.0,2.0
2010-07-14,12.0,2.0
2010-07-21,16.0,4.0
2010-07-28,15.0,-1.0
2010-08-04,21.0,6.0
2010-08-11,6.0,-15.0
2010-08-18,9.0,3.0
2010-08-25,3.0,-6.0
2010-09-01,4.0,1.0
2010-09-08,9.0,5.0
2010-09-15,17.0,8.0
2010-09-22,7.0,-10.0
2010-09-29,60.0,53.0
2010-10-06,14.0,-46.0
2010-10-13,7.0,-7.0
2010-10-20,6.0,-1.0
2010-10-27,2.0,-4.0
2010-11-03,11.0,9.0
2010-11-10,2.0,-9.0
2010-11-17,1.0,-1.0
2010-11-24,14.0,13.0
2010-12-01,6.0,-8.0
2010-12-08,4.0,-2.0
2010-12-15,6.0,2.0
2010-12-22,2.0,-4.0
2010-12-29,18.0,16.0
2011-01-05,1.0,-17.0
2011-01-12,19.0,18.0
2011-01-19,2.0,-17.0
2011-01-26,20.0,18.0
2011-02-02,21.0,1.0
2011-02-09,0.0,-21.0
2011-02-16,1.0,1.0
2011-02-23,0.0,-1.0
2011-03-02,0.0,0.0
2011-03-09,0.0,0.0
2011-03-16,1.0,1.0
2011-03-23,1.0,0.0
2011-03-30,1.0,0.0
2011-04-06,3.0,2.0
2011-04-13,3.0,0.0
2011-04-20,7.0,4.0
2011-04-27,7.0,0.0
2011-05-04,7.0,0.0
2011-05-11,12.0,5.0
2011-05-18,11.0,-1.0
2011-05-25,12.0,1.0
2011-06-01,22.0,10.0
2011-06-08,15.0,-7.0
2011-06-15,13.0,-2.0
2011-06-22,10.0,-3.0
2011-06-29,9.0,-1.0
2011-07-06,8.0,-1.0
2011-07-13,13.0,5.0
2011-07-20,12.0,-1.0
2011-07-27,11.0,-1.0
2011-08-03,11.0,0.0
2011-08-10,11.0,0.0
2011-08-17,9.0,-2.0
2011-08-24,10.0,1.0
2011-08-31,11.0,1.0
2011-09-07,20.0,9.0
2011-09-14,12.0,-8.0
2011-09-21,10.0,-2.0
2011-09-28,25.0,15.0
2011-10-05,30.0,5.0
2011-10-12,49.0,19.0
2011-10-19,6.0,-43.0
2011-10-26,6.0,0.0
2011-11-02,3.0,-3.0
2011-11-09,4.0,1.0
2011-11-16,6.0,2.0
2011-11-23,9.0,3.0
2011-11-30,11.0,2.0
2011-12-07,6.0,-5.0
2011-12-14,6.0,0.0
2011-12-21,6.0,0.0
2011-12-28,21.0,15.0
2012-01-04,0.0,-21.0
2012-01-11,0.0,0.0
2012-01-18,0.0,0.0
2012-01-25,0.0,0.0
2012-02-01,0.0,0.0
2012-02-08,1.0,1.0
2012-02-15,0.0,-1.0
2012-02-22,2.0,2.0
2012-02-29,0.0,-2.0
2012-03-07,9.0,9.0
2012-03-14,0.0,-9.0
2012-03-21,0.0,0.0
2012-03-28,0.0,0.0
2012-04-04,2.0,2.0
2012-04-11,11.0,9.0
2012-04-18,2.0,-9.0
2012-04-25,6.0,4.0
2012-05-02,2.0,-4.0
2012-05-09,2.0,0.0
2012-05-16,10.0,8.0
2012-05-23,3.0,-7.0
2012-05-30,2.0,-1.0
2012-06-06,5.0,3.0
2012-06-13,4.0,-1.0
2012-06-20,5.0,1.0
2012-06-27,4.0,-1.0
2012-07-04,7.0,3.0
2012-07-11,6.0,-1.0
2012-07-18,11.0,5.0
2012-07-25,12.0,1.0
2012-08-01,7.0,-5.0
2012-08-08,9.0,2.0
2012-08-15,15.0,6.0
2012-08-22,12.0,-3.0
2012-08-29,13.0,1.0
2012-09-05,9.0,-4.0
2012-09-12,10.0,1.0
2012-09-19,14.0,4.0
2012-09-26,14.0,0.0
2012-10-03,9.0,-5.0
2012-10-10,7.0,-2.0
2012-10-17,2.0,-5.0
2012-10-24,2.0,0.0
2012-10-31,6.0,4.0
2012-11-07,4.0,-2.0
2012-11-14,5.0,1.0
2012-11-21,4.0,-1.0
2012-11-28,7.0,3.0
2012-12-05,2.0,-5.0
2012-12-12,3.0,1.0
2012-12-19,7.0,4.0
2012-12-26,3.0,-4.0
2013-01-02,2.0,-1.0
2013-01-09,0.0,-2.0
2013-01-16,3.0,3.0
2013-01-23,1.0,-2.0
2013-01-30,1.0,0.0
2013-02-06,4.0,3.0
2013-02-13,1.0,-3.0
2013-02-20,1.0,0.0
2013-02-27,1.0,0.0
2013-03-06,0.0,-1.0
2013-03-13,0.0,0.0
2013-03-20,3.0,3.0
2013-03-27,0.0,-3.0
2013-04-03,4.0,4.0
2013-04-10,7.0,3.0
2013-04-17,9.0,2.0
2013-04-24,7.0,-2.0
2013-05-01,11.0,4.0
2013-05-08,12.0,1.0
2013-05-15,10.0,-2.0
2013-05-22,19.0,9.0
2013-05-29,56.0,37.0
2013-06-05,11.0,-45.0
2013-06-12,11.0,0.0
2013-06-19,19.0,8.0
2013-06-26,27.0,8.0
2013-07-03,28.0,1.0
2013-07-10,26.0,-2.0
2013-07-17,33.0,7.0
2013-07-24,28.0,-5.0
2013-07-31,38.0,10.0
2013-08-07,25.0,-13.0
2013-08-14,24.0,-1.0
2013-08-21,28.0,4.0
2013-08-28,22.0,-6.0
2013-09-04,20.0,-2.0
2013-09-11,25.0,5.0
2013-09-18,48.0,23.0
2013-09-25,16.0,-32.0
2013-10-02,13.0,-3.0
2013-10-09,20.0,7.0
2013-10-16,20.0,0.0
2013-10-23,21.0,1.0
2013-10-30,9.0,-12.0
2013-11-06,12.0,3.0
2013-11-13,11.0,-1.0
2013-11-20,12.0,1.0
2013-11-27,14.0,2.0
2013-12-04,15.0,1.0
2013-12-11,19.0,4.0
2013-12-18,27.0,8.0
2013-12-25,24.0,-3.0
2014-01-01,18.0,-6.0
2014-01-08,0.0,-18.0
2014-01-15,1.0,1.0
2014-01-22,3.0,2.0
2014-01-29,3.0,0.0
2014-02-05,0.0,-3.0
2014-02-12,2.0,2.0
2014-02-19,1.0,-1.0
2014-02-26,2.0,1.0
2014-03-05,0.0,-2.0
2014-03-12,3.0,3.0
2014-03-19,8.0,5.0
2014-03-26,12.0,4.0
2014-04-02,5.0,-7.0
2014-04-09,4.0,-1.0
2014-04-16,10.0,6.0
2014-04-23,5.0,-5.0
2014-04-30,4.0,-1.0
2014-05-07,7.0,3.0
2014-05-14,14.0,7.0
2014-05-21,13.0,-1.0
2014-05-28,11.0,-2.0
2014-06-04,10.0,-1.0
2014-06-11,13.0,3.0
2014-06-18,13.0,0.0
2014-06-25,14.0,1.0
2014-07-02,19.0,5.0
2014-07-09,23.0,4.0
2014-07-16,28.0,5.0
2014-07-23,29.0,1.0
2014-07-30,31.0,2.0
2014-08-06,26.0,-5.0
2014-08-13,30.0,4.0
2014-08-20,24.0,-6.0
2014-08-27,21.0,-3.0
2014-09-03,15.0,-6.0
2014-09-10,11.0,-4.0
2014-09-17,19.0,8.0
2014-09-24,15.0,-4.0
2014-10-01,10.0,-5.0
2014-10-08,14.0,4.0
2014-10-15,20.0,6.0
2014-10-22,33.0,13.0
2014-10-29,7.0,-26.0
2014-11-05,5.0,-2.0
2014-11-12,9.0,4.0
2014-11-19,7.0,-2.0
2014-11-26,11.0,4.0
2014-12-03,3.0,-8.0
2014-12-10,10.0,7.0
2014-12-17,8.0,-2.0
2014-12-24,10.0,2.0
2014-12-31,30.0,20.0
2015-01-07,14.0,-16.0
2015-01-14,14.0,0.0
2015-01-21,18.0,4.0
2015-01-28,2.0,-16.0
2015-02-04,2.0,0.0
2015-02-11,4.0,2.0
2015-02-18,4.0,0.0
2015-02-25,4.0,0.0
2015-03-04,0.0,-4.0
2015-03-11,1.0,1.0
2015-03-18,0.0,-1.0
2015-03-25,1.0,1.0
2015-04-01,33.0,32.0
2015-04-08,3.0,-30.0
2015-04-15,5.0,2.0
2015-04-22,9.0,4.0
2015-04-29,8.0,-1.0
2015-05-06,9.0,1.0
2015-05-13,18.0,9.0
2015-05-20,17.0,-1.0
2015-05-27,14.0,-3.0
2015-06-03,28.0,14.0
2015-06-10,12.0,-16.0
2015-06-17,12.0,0.0
2015-06-24,14.0,2.0
2015-07-01,13.0,-1.0
2015-07-08,17.0,4.0
2015-07-15,11.0,-6.0
2015-07-22,11.0,0.0
2015-07-29,13.0,2.0
