Date,Values,Delta Calculations
2009-01-14,497.0, 
2009-01-21,529.0,32.0
2009-01-28,651.0,122.0
2009-02-04,651.0,0.0
2009-02-11,651.0,0.0
2009-02-18,5763.0,5112.0
2009-02-25,6067.0,304.0
2009-03-04,6081.0,14.0
2009-03-11,6086.0,5.0
2009-03-18,20872.0,14786.0
2009-03-25,20843.0,-29.0
2009-04-01,20885.0,42.0
2009-04-08,20887.0,2.0
2009-04-15,31388.0,10501.0
2009-04-22,39777.0,8389.0
2009-04-29,39622.0,-155.0
2009-05-06,39586.0,-36.0
2009-05-13,46698.0,7112.0
2009-05-20,46691.0,-7.0
2009-05-27,46266.0,-425.0
2009-06-03,46275.0,9.0
2009-06-10,46251.0,-24.0
2009-06-17,49340.0,3089.0
2009-06-24,50559.0,1219.0
2009-07-01,50041.0,-518.0
2009-07-08,50042.0,1.0
2009-07-15,56964.0,6922.0
2009-07-22,59025.0,2061.0
2009-07-29,58746.0,-279.0
2009-08-05,58746.0,0.0
2009-08-12,58746.0,0.0
2009-08-19,65958.0,7212.0
2009-08-26,67401.0,1443.0
2009-09-02,67659.0,258.0
2009-09-09,67662.0,3.0
2009-09-16,74130.0,6468.0
2009-09-23,75054.0,924.0
2009-09-30,74921.0,-133.0
2009-10-07,74913.0,-8.0
2009-10-14,82098.0,7185.0
2009-10-21,84066.0,1968.0
2009-10-28,83762.0,-304.0
2009-11-04,83798.0,36.0
2009-11-11,83925.0,127.0
2009-11-18,91659.0,7734.0
2009-11-25,92209.0,550.0
2009-12-02,92214.0,5.0
2009-12-09,92446.0,232.0
2009-12-16,97523.0,5077.0
2009-12-23,98519.0,996.0
2009-12-30,98283.0,-236.0
2010-01-06,98335.0,52.0
2010-01-13,104812.0,6477.0
2010-01-20,105062.0,250.0
2010-01-27,104935.0,-127.0
2010-02-03,105000.0,65.0
2010-02-10,105707.0,707.0
2010-02-17,110975.0,5268.0
2010-02-24,111734.0,759.0
2010-03-03,111114.0,-620.0
2010-03-10,111367.0,253.0
2010-03-17,115400.0,4033.0
2010-03-24,116197.0,797.0
2010-03-31,115645.0,-552.0
2010-04-07,115649.0,4.0
2010-04-14,119235.0,3586.0
2010-04-21,83070.0,-36165.0
2010-04-28,82655.0,-415.0
2010-05-05,82730.0,75.0
2010-05-12,82801.0,71.0
2010-05-19,84394.0,1593.0
2010-05-26,83898.0,-496.0
2010-06-02,83951.0,53.0
2010-06-09,83956.0,5.0
2010-06-16,85005.0,1049.0
2010-06-23,85086.0,81.0
2010-06-30,84291.0,-795.0
2010-07-07,84304.0,13.0
2010-07-14,85078.0,774.0
2010-07-21,84779.0,-299.0
2010-07-28,84242.0,-537.0
2010-08-04,84262.0,20.0
2010-08-11,84392.0,130.0
2010-08-18,83906.0,-486.0
2010-08-25,83164.0,-742.0
2010-09-01,83164.0,0.0
2010-09-08,83164.0,0.0
2010-09-15,82339.0,-825.0
2010-09-22,82312.0,-27.0
2010-09-29,81307.0,-1005.0
2010-10-06,81307.0,0.0
2010-10-13,81307.0,0.0
2010-10-20,80343.0,-964.0
2010-10-27,79234.0,-1109.0
2010-11-03,79234.0,0.0
2010-11-10,79234.0,0.0
2010-11-17,78272.0,-962.0
2010-11-24,78236.0,-36.0
2010-12-01,77094.0,-1142.0
2010-12-08,77094.0,0.0
2010-12-15,76053.0,-1041.0
2010-12-22,76020.0,-33.0
2010-12-29,74794.0,-1226.0
2011-01-05,74794.0,0.0
2011-01-12,74794.0,0.0
2011-01-19,73890.0,-904.0
2011-01-26,72754.0,-1136.0
2011-02-02,72754.0,0.0
2011-02-09,72754.0,0.0
2011-02-16,72254.0,-500.0
2011-02-23,72235.0,-19.0
2011-03-02,71537.0,-698.0
2011-03-09,71537.0,0.0
2011-03-16,71172.0,-365.0
2011-03-23,71153.0,-19.0
2011-03-30,70649.0,-504.0
2011-04-06,70649.0,0.0
2011-04-13,70649.0,0.0
2011-04-20,55420.0,-15229.0
2011-04-27,55052.0,-368.0
2011-05-04,55052.0,0.0
2011-05-11,55052.0,0.0
2011-05-18,54847.0,-205.0
2011-05-25,54507.0,-340.0
2011-06-01,54507.0,0.0
2011-06-08,54507.0,0.0
2011-06-15,54308.0,-199.0
2011-06-22,54298.0,-10.0
2011-06-29,53973.0,-325.0
2011-07-06,53973.0,0.0
2011-07-13,53973.0,0.0
2011-07-20,53695.0,-278.0
2011-07-27,53286.0,-409.0
2011-08-03,53286.0,0.0
2011-08-10,53286.0,0.0
2011-08-17,53006.0,-280.0
2011-08-24,52993.0,-13.0
2011-08-31,52553.0,-440.0
2011-09-07,52553.0,0.0
2011-09-14,52553.0,0.0
2011-09-21,52214.0,-339.0
2011-09-28,51718.0,-496.0
2011-10-05,51718.0,0.0
2011-10-12,51718.0,0.0
2011-10-19,51195.0,-523.0
2011-10-26,50434.0,-761.0
2011-11-02,50434.0,0.0
2011-11-09,50434.0,0.0
2011-11-16,50002.0,-432.0
2011-11-23,49979.0,-23.0
2011-11-30,49115.0,-864.0
2011-12-07,49115.0,0.0
2011-12-14,50957.0,1842.0
2011-12-21,50580.0,-377.0
2011-12-28,49723.0,-857.0
2012-01-04,49750.0,27.0
2012-01-11,49900.0,150.0
2012-01-18,50325.0,425.0
2012-01-25,49624.0,-701.0
2012-02-01,49647.0,23.0
2012-02-08,49648.0,1.0
2012-02-15,50347.0,699.0
2012-02-22,50658.0,311.0
2012-02-29,49931.0,-727.0
2012-03-07,49931.0,0.0
2012-03-14,50708.0,777.0
2012-03-21,50552.0,-156.0
2012-03-28,49693.0,-859.0
2012-04-04,49693.0,0.0
2012-04-11,49693.0,0.0
2012-04-18,47452.0,-2241.0
2012-04-25,47032.0,-420.0
2012-05-02,47033.0,1.0
2012-05-09,47034.0,1.0
2012-05-16,47611.0,577.0
2012-05-23,47986.0,375.0
2012-05-30,47251.0,-735.0
2012-06-06,47252.0,1.0
2012-06-13,48149.0,897.0
2012-06-20,48155.0,6.0
2012-06-27,47431.0,-724.0
2012-07-04,47433.0,2.0
2012-07-11,47435.0,2.0
2012-07-18,47876.0,441.0
2012-07-25,47341.0,-535.0
2012-08-01,47347.0,6.0
2012-08-08,47348.0,1.0
2012-08-15,47385.0,37.0
2012-08-22,47671.0,286.0
2012-08-29,46799.0,-872.0
2012-09-05,46805.0,6.0
2012-09-12,46806.0,1.0
2012-09-19,47162.0,356.0
2012-09-26,46321.0,-841.0
2012-10-03,46322.0,1.0
2012-10-10,46322.0,0.0
2012-10-17,47837.0,1515.0
2012-10-24,48157.0,320.0
2012-10-31,47267.0,-890.0
2012-11-07,47269.0,2.0
2012-11-14,49319.0,2050.0
2012-11-21,49960.0,641.0
2012-11-28,49015.0,-945.0
2012-12-05,49021.0,6.0
2012-12-12,51526.0,2505.0
2012-12-19,51781.0,255.0
2012-12-26,51401.0,-380.0
2013-01-02,51409.0,8.0
2013-01-09,51410.0,1.0
2013-01-16,52569.0,1159.0
2013-01-23,54542.0,1973.0
2013-01-30,53578.0,-964.0
2013-02-06,53583.0,5.0
2013-02-13,56012.0,2429.0
2013-02-20,57290.0,1278.0
2013-02-27,56359.0,-931.0
2013-03-06,56360.0,1.0
2013-03-13,58852.0,2492.0
2013-03-20,60219.0,1367.0
2013-03-27,59411.0,-808.0
2013-04-03,59413.0,2.0
2013-04-10,59419.0,6.0
2013-04-17,60851.0,1432.0
2013-04-24,61386.0,535.0
2013-05-01,60604.0,-782.0
2013-05-08,60605.0,1.0
2013-05-15,62169.0,1564.0
2013-05-22,63697.0,1528.0
2013-05-29,62949.0,-748.0
2013-06-05,62952.0,3.0
2013-06-12,62953.0,1.0
2013-06-19,65329.0,2376.0
2013-06-26,65282.0,-47.0
2013-07-03,65283.0,1.0
2013-07-10,65284.0,1.0
2013-07-17,66710.0,1426.0
2013-07-24,68136.0,1426.0
2013-07-31,67382.0,-754.0
2013-08-07,67382.0,0.0
2013-08-14,70238.0,2856.0
2013-08-21,70420.0,182.0
2013-08-28,69780.0,-640.0
2013-09-04,69782.0,2.0
2013-09-11,69787.0,5.0
2013-09-18,72397.0,2610.0
2013-09-25,72517.0,120.0
2013-10-02,72524.0,7.0
2013-10-09,72526.0,2.0
2013-10-16,74989.0,2463.0
2013-10-23,75687.0,698.0
2013-10-30,75310.0,-377.0
2013-11-06,75310.0,0.0
2013-11-13,77518.0,2208.0
2013-11-20,77482.0,-36.0
2013-11-27,77805.0,323.0
2013-12-04,77805.0,0.0
2013-12-11,80134.0,2329.0
2013-12-18,80266.0,132.0
2013-12-25,80890.0,624.0
2014-01-01,80523.0,-367.0
2014-01-08,80523.0,0.0
2014-01-15,82417.0,1894.0
2014-01-22,83187.0,770.0
2014-01-29,82796.0,-391.0
2014-02-05,82796.0,0.0
2014-02-12,82797.0,1.0
2014-02-19,84766.0,1969.0
2014-02-26,84841.0,75.0
2014-03-05,84844.0,3.0
2014-03-12,84844.0,0.0
2014-03-19,86620.0,1776.0
2014-03-26,86626.0,6.0
2014-04-02,86626.0,0.0
2014-04-09,65521.0,-21105.0
2014-04-16,66728.0,1207.0
2014-04-23,66994.0,266.0
2014-04-30,66697.0,-297.0
2014-05-07,66697.0,0.0
2014-05-14,67684.0,987.0
2014-05-21,67675.0,-9.0
2014-05-28,67355.0,-320.0
2014-06-04,67355.0,0.0
2014-06-11,67356.0,1.0
2014-06-18,68189.0,833.0
2014-06-25,68006.0,-183.0
2014-07-02,68006.0,0.0
2014-07-09,68006.0,0.0
2014-07-16,68540.0,534.0
2014-07-23,68838.0,298.0
2014-07-30,68434.0,-404.0
2014-08-06,68434.0,0.0
2014-08-13,69014.0,580.0
2014-08-20,68742.0,-272.0
2014-08-27,68595.0,-147.0
2014-09-03,68595.0,0.0
2014-09-10,68595.0,0.0
2014-09-17,69502.0,907.0
2014-09-24,69738.0,236.0
2014-10-01,69335.0,-403.0
2014-10-08,69335.0,0.0
2014-10-15,70032.0,697.0
2014-10-22,70113.0,81.0
2014-10-29,70212.0,99.0
2014-11-05,70213.0,1.0
2014-11-12,70213.0,0.0
2014-11-19,70907.0,694.0
2014-11-26,70699.0,-208.0
2014-12-03,70700.0,1.0
2014-12-10,70700.0,0.0
2014-12-17,71196.0,496.0
2014-12-24,71418.0,222.0
2014-12-31,70987.0,-431.0
2015-01-07,70987.0,0.0
2015-01-14,71596.0,609.0
2015-01-21,71547.0,-49.0
2015-01-28,71062.0,-485.0
2015-02-04,71062.0,0.0
2015-02-11,71063.0,1.0
2015-02-18,71485.0,422.0
2015-02-25,71125.0,-360.0
2015-03-04,71125.0,0.0
2015-03-11,71127.0,2.0
2015-03-18,71358.0,231.0
2015-03-25,70786.0,-572.0
2015-04-01,70786.0,0.0
2015-04-08,70786.0,0.0
2015-04-15,70889.0,103.0
2015-04-22,64540.0,-6349.0
2015-04-29,63863.0,-677.0
2015-05-06,63863.0,0.0
2015-05-13,64791.0,928.0
2015-05-20,64554.0,-237.0
2015-05-27,63996.0,-558.0
2015-06-03,63996.0,0.0
2015-06-10,63996.0,0.0
2015-06-17,64681.0,685.0
2015-06-24,64886.0,205.0
2015-07-01,64354.0,-532.0
2015-07-08,64354.0,0.0
2015-07-15,64790.0,436.0
2015-07-22,65000.0,210.0
2015-07-29,64457.0,-543.0
