Date,Values,Delta Calculations
2002-12-18,13.0, 
2002-12-25,15.0,2.0
2003-01-01,11.0,-4.0
2003-01-08,10.0,-1.0
2003-01-15,1.0,-9.0
2003-01-22,1.0,0.0
2003-01-29,0.0,-1.0
2003-02-05,0.0,0.0
2003-02-12,0.0,0.0
2003-02-19,0.0,0.0
2003-02-26,0.0,0.0
2003-03-05,0.0,0.0
2003-03-12,0.0,0.0
2003-03-19,2.0,2.0
2003-03-26,0.0,-2.0
2003-04-02,5.0,5.0
2003-04-09,7.0,2.0
2003-04-16,8.0,1.0
2003-04-23,9.0,1.0
2003-04-30,10.0,1.0
2003-05-07,12.0,2.0
2003-05-14,12.0,0.0
2003-05-21,11.0,-1.0
2003-05-28,14.0,3.0
2003-06-04,16.0,2.0
2003-06-11,17.0,1.0
2003-06-18,19.0,2.0
2003-06-25,13.0,-6.0
2003-07-02,4.0,-9.0
2003-07-09,6.0,2.0
2003-07-16,7.0,1.0
2003-07-23,8.0,1.0
2003-07-30,25.0,17.0
2003-08-06,24.0,-1.0
2003-08-13,24.0,0.0
2003-08-20,23.0,-1.0
2003-08-27,26.0,3.0
2003-09-03,27.0,1.0
2003-09-10,24.0,-3.0
2003-09-17,27.0,3.0
2003-09-24,31.0,4.0
2003-10-01,25.0,-6.0
2003-10-08,22.0,-3.0
2003-10-15,19.0,-3.0
2003-10-22,13.0,-6.0
2003-10-29,8.0,-5.0
2003-11-05,3.0,-5.0
2003-11-12,2.0,-1.0
2003-11-19,2.0,0.0
2003-11-26,2.0,0.0
2003-12-03,1.0,-1.0
2003-12-10,1.0,0.0
2003-12-17,1.0,0.0
2003-12-24,0.0,-1.0
2003-12-31,0.0,0.0
2004-01-07,0.0,0.0
2004-01-14,0.0,0.0
2004-01-21,0.0,0.0
2004-01-28,0.0,0.0
2004-02-04,0.0,0.0
2004-02-11,0.0,0.0
2004-02-18,0.0,0.0
2004-02-25,3.0,3.0
2004-03-03,3.0,0.0
2004-03-10,3.0,0.0
2004-03-17,8.0,5.0
2004-03-24,9.0,1.0
2004-03-31,7.0,-2.0
2004-04-07,10.0,3.0
2004-04-14,13.0,3.0
2004-04-21,14.0,1.0
2004-04-28,14.0,0.0
2004-05-05,14.0,0.0
2004-05-12,14.0,0.0
2004-05-19,15.0,1.0
2004-05-26,20.0,5.0
2004-06-02,15.0,-5.0
2004-06-09,15.0,0.0
2004-06-16,14.0,-1.0
2004-06-23,22.0,8.0
2004-06-30,24.0,2.0
2004-07-07,24.0,0.0
2004-07-14,30.0,6.0
2004-07-21,30.0,0.0
2004-07-28,37.0,7.0
2004-08-04,34.0,-3.0
2004-08-11,23.0,-11.0
2004-08-18,24.0,1.0
2004-08-25,29.0,5.0
2004-09-01,31.0,2.0
2004-09-08,31.0,0.0
2004-09-15,40.0,9.0
2004-09-22,30.0,-10.0
2004-09-29,28.0,-2.0
2004-10-06,16.0,-12.0
2004-10-13,15.0,-1.0
2004-10-20,12.0,-3.0
2004-10-27,6.0,-6.0
2004-11-03,1.0,-5.0
2004-11-10,2.0,1.0
2004-11-17,0.0,-2.0
2004-11-24,0.0,0.0
2004-12-01,0.0,0.0
2004-12-08,0.0,0.0
2004-12-15,0.0,0.0
2004-12-22,0.0,0.0
2004-12-29,0.0,0.0
2005-01-05,0.0,0.0
2005-01-12,0.0,0.0
2005-01-19,0.0,0.0
2005-01-26,0.0,0.0
2005-02-02,21.0,21.0
2005-02-09,1.0,-20.0
2005-02-16,0.0,-1.0
2005-02-23,0.0,0.0
2005-03-02,0.0,0.0
2005-03-09,0.0,0.0
2005-03-16,2.0,2.0
2005-03-23,4.0,2.0
2005-03-30,4.0,0.0
2005-04-06,4.0,0.0
2005-04-13,6.0,2.0
2005-04-20,10.0,4.0
2005-04-27,11.0,1.0
2005-05-04,12.0,1.0
2005-05-11,18.0,6.0
2005-05-18,14.0,-4.0
2005-05-25,15.0,1.0
2005-06-01,15.0,0.0
2005-06-08,17.0,2.0
2005-06-15,8.0,-9.0
2005-06-22,15.0,7.0
2005-06-29,29.0,14.0
2005-07-06,40.0,11.0
2005-07-13,34.0,-6.0
2005-07-20,40.0,6.0
2005-07-27,49.0,9.0
2005-08-03,41.0,-8.0
2005-08-10,46.0,5.0
2005-08-17,63.0,17.0
2005-08-24,70.0,7.0
2005-08-31,64.0,-6.0
2005-09-07,67.0,3.0
2005-09-14,67.0,0.0
2005-09-21,61.0,-6.0
2005-09-28,76.0,15.0
2005-10-05,65.0,-11.0
2005-10-12,56.0,-9.0
2005-10-19,55.0,-1.0
2005-10-26,45.0,-10.0
2005-11-02,35.0,-10.0
2005-11-09,30.0,-5.0
2005-11-16,20.0,-10.0
2005-11-23,19.0,-1.0
2005-11-30,8.0,-11.0
2005-12-07,8.0,0.0
2005-12-14,8.0,0.0
2005-12-21,7.0,-1.0
2005-12-28,6.0,-1.0
2006-01-04,0.0,-6.0
2006-01-11,0.0,0.0
2006-01-18,0.0,0.0
2006-01-25,1.0,1.0
2006-02-01,29.0,28.0
2006-02-08,0.0,-29.0
2006-02-15,3.0,3.0
2006-02-22,0.0,-3.0
2006-03-01,0.0,0.0
2006-03-08,0.0,0.0
2006-03-15,6.0,6.0
2006-03-22,0.0,-6.0
2006-03-29,0.0,0.0
2006-04-05,0.0,0.0
2006-04-12,5.0,5.0
2006-04-19,6.0,1.0
2006-04-26,10.0,4.0
2006-05-03,10.0,0.0
2006-05-10,12.0,2.0
2006-05-17,20.0,8.0
2006-05-24,15.0,-5.0
2006-05-31,28.0,13.0
2006-06-07,24.0,-4.0
2006-06-14,32.0,8.0
2006-06-21,31.0,-1.0
2006-06-28,41.0,10.0
2006-07-05,37.0,-4.0
2006-07-12,40.0,3.0
2006-07-19,49.0,9.0
2006-07-26,60.0,11.0
2006-08-02,57.0,-3.0
2006-08-09,60.0,3.0
2006-08-16,58.0,-2.0
2006-08-23,67.0,9.0
2006-08-30,72.0,5.0
2006-09-06,71.0,-1.0
2006-09-13,65.0,-6.0
2006-09-20,56.0,-9.0
2006-09-27,49.0,-7.0
2006-10-04,32.0,-17.0
2006-10-11,23.0,-9.0
2006-10-18,14.0,-9.0
2006-10-25,6.0,-8.0
2006-11-01,1.0,-5.0
2006-11-08,1.0,0.0
2006-11-15,1.0,0.0
2006-11-22,44.0,43.0
2006-11-29,2.0,-42.0
2006-12-06,165.0,163.0
2006-12-13,0.0,-165.0
2006-12-20,1.0,1.0
2006-12-27,1.0,0.0
2007-01-03,0.0,-1.0
2007-01-10,0.0,0.0
2007-01-17,0.0,0.0
2007-01-24,0.0,0.0
2007-01-31,1.0,1.0
2007-02-07,0.0,-1.0
2007-02-14,0.0,0.0
2007-02-21,0.0,0.0
2007-02-28,0.0,0.0
2007-03-07,0.0,0.0
2007-03-14,0.0,0.0
2007-03-21,0.0,0.0
2007-03-28,0.0,0.0
2007-04-04,2.0,2.0
2007-04-11,3.0,1.0
2007-04-18,5.0,2.0
2007-04-25,11.0,6.0
2007-05-02,12.0,1.0
2007-05-09,16.0,4.0
2007-05-16,15.0,-1.0
2007-05-23,29.0,14.0
2007-05-30,29.0,0.0
2007-06-06,13.0,-16.0
2007-06-13,26.0,13.0
2007-06-20,40.0,14.0
2007-06-27,42.0,2.0
2007-07-04,32.0,-10.0
2007-07-11,50.0,18.0
2007-07-18,65.0,15.0
2007-07-25,60.0,-5.0
2007-08-01,64.0,4.0
2007-08-08,64.0,0.0
2007-08-15,69.0,5.0
2007-08-22,62.0,-7.0
2007-08-29,64.0,2.0
2007-09-05,56.0,-8.0
2007-09-12,47.0,-9.0
2007-09-19,53.0,6.0
2007-09-26,52.0,-1.0
2007-10-03,27.0,-25.0
2007-10-10,25.0,-2.0
2007-10-17,16.0,-9.0
2007-10-24,15.0,-1.0
2007-10-31,1.0,-14.0
2007-11-07,0.0,-1.0
2007-11-14,2.0,2.0
2007-11-21,2.0,0.0
2007-11-28,3.0,1.0
2007-12-05,0.0,-3.0
2007-12-12,0.0,0.0
2007-12-19,0.0,0.0
2007-12-26,0.0,0.0
2008-01-02,0.0,0.0
2008-01-09,0.0,0.0
2008-01-16,1.0,1.0
2008-01-23,0.0,-1.0
2008-01-30,0.0,0.0
2008-02-06,0.0,0.0
2008-02-13,0.0,0.0
2008-02-20,0.0,0.0
2008-02-27,26.0,26.0
2008-03-05,2.0,-24.0
2008-03-12,0.0,-2.0
2008-03-19,0.0,0.0
2008-03-26,0.0,0.0
2008-04-02,1.0,1.0
2008-04-09,2.0,1.0
2008-04-16,3.0,1.0
2008-04-23,307.0,304.0
2008-04-30,68.0,-239.0
2008-05-07,71.0,3.0
2008-05-14,65.0,-6.0
2008-05-21,98.0,33.0
2008-05-28,112.0,14.0
2008-06-04,154.0,42.0
2008-06-11,160.0,6.0
2008-06-18,143.0,-17.0
2008-06-25,126.0,-17.0
2008-07-02,139.0,13.0
2008-07-09,137.0,-2.0
2008-07-16,145.0,8.0
2008-07-23,185.0,40.0
2008-07-30,822.0,637.0
2008-08-06,163.0,-659.0
2008-08-13,211.0,48.0
2008-08-20,284.0,73.0
2008-08-27,268.0,-16.0
2008-09-03,341.0,73.0
2008-09-10,315.0,-26.0
2008-09-17,831.0,516.0
2008-09-24,402.0,-429.0
2008-10-01,223.0,-179.0
2008-10-08,219.0,-4.0
2008-10-15,223.0,4.0
2008-10-22,354.0,131.0
2008-10-29,214.0,-140.0
2008-11-05,170.0,-44.0
2008-11-12,154.0,-16.0
2008-11-19,455.0,301.0
2008-11-26,514.0,59.0
2008-12-03,260.0,-254.0
2008-12-10,101.0,-159.0
2008-12-17,424.0,323.0
2008-12-24,398.0,-26.0
2008-12-31,454.0,56.0
2009-01-07,453.0,-1.0
2009-01-14,506.0,53.0
2009-01-21,493.0,-13.0
2009-01-28,488.0,-5.0
2009-02-04,429.0,-59.0
2009-02-11,363.0,-66.0
2009-02-18,346.0,-17.0
2009-02-25,314.0,-32.0
2009-03-04,245.0,-69.0
2009-03-11,51.0,-194.0
2009-03-18,120.0,69.0
2009-03-25,131.0,11.0
2009-04-01,109.0,-22.0
2009-04-08,127.0,18.0
2009-04-15,113.0,-14.0
2009-04-22,187.0,74.0
2009-04-29,192.0,5.0
2009-05-06,116.0,-76.0
2009-05-13,77.0,-39.0
2009-05-20,99.0,22.0
2009-05-27,58.0,-41.0
2009-06-03,61.0,3.0
2009-06-10,57.0,-4.0
2009-06-17,67.0,10.0
2009-06-24,121.0,54.0
2009-07-01,152.0,31.0
2009-07-08,164.0,12.0
2009-07-15,165.0,1.0
2009-07-22,112.0,-53.0
2009-07-29,109.0,-3.0
2009-08-05,70.0,-39.0
2009-08-12,78.0,8.0
2009-08-19,70.0,-8.0
2009-08-26,73.0,3.0
2009-09-02,87.0,14.0
2009-09-09,60.0,-27.0
2009-09-16,61.0,1.0
2009-09-23,64.0,3.0
2009-09-30,141.0,77.0
2009-10-07,86.0,-55.0
2009-10-14,72.0,-14.0
2009-10-21,57.0,-15.0
2009-10-28,38.0,-19.0
2009-11-04,32.0,-6.0
2009-11-11,29.0,-3.0
2009-11-18,41.0,12.0
2009-11-25,34.0,-7.0
2009-12-02,20.0,-14.0
2009-12-09,5.0,-15.0
2009-12-16,16.0,11.0
2009-12-23,13.0,-3.0
2009-12-30,87.0,74.0
2010-01-06,14.0,-73.0
2010-01-13,9.0,-5.0
2010-01-20,18.0,9.0
2010-01-27,14.0,-4.0
2010-02-03,28.0,14.0
2010-02-10,28.0,0.0
2010-02-17,12.0,-16.0
2010-02-24,13.0,1.0
2010-03-03,1.0,-12.0
2010-03-10,2.0,1.0
2010-03-17,1.0,-1.0
2010-03-24,1.0,0.0
2010-03-31,21.0,20.0
2010-04-07,1.0,-20.0
2010-04-14,19.0,18.0
2010-04-21,17.0,-2.0
2010-04-28,26.0,9.0
2010-05-05,1.0,-25.0
2010-05-12,1.0,0.0
2010-05-19,4.0,3.0
2010-05-26,6.0,2.0
2010-06-02,7.0,1.0
2010-06-09,6.0,-1.0
2010-06-16,12.0,6.0
2010-06-23,26.0,14.0
2010-06-30,12.0,-14.0
2010-07-07,19.0,7.0
2010-07-14,158.0,139.0
2010-07-21,22.0,-136.0
2010-07-28,30.0,8.0
2010-08-04,29.0,-1.0
2010-08-11,27.0,-2.0
2010-08-18,31.0,4.0
2010-08-25,27.0,-4.0
2010-09-01,27.0,0.0
2010-09-08,25.0,-2.0
2010-09-15,28.0,3.0
2010-09-22,27.0,-1.0
2010-09-29,20.0,-7.0
2010-10-06,9.0,-11.0
2010-10-13,4.0,-5.0
2010-10-20,1.0,-3.0
2010-10-27,1.0,0.0
2010-11-03,0.0,-1.0
2010-11-10,0.0,0.0
2010-11-17,0.0,0.0
2010-11-24,1017.0,1017.0
2010-12-01,0.0,-1017.0
2010-12-08,0.0,0.0
2010-12-15,5.0,5.0
2010-12-22,7.0,2.0
2010-12-29,10.0,3.0
2011-01-05,1.0,-9.0
2011-01-12,0.0,-1.0
2011-01-19,0.0,0.0
2011-01-26,1.0,1.0
2011-02-02,0.0,-1.0
2011-02-09,0.0,0.0
2011-02-16,0.0,0.0
2011-02-23,2.0,2.0
2011-03-02,0.0,-2.0
2011-03-09,0.0,0.0
2011-03-16,0.0,0.0
2011-03-23,1.0,1.0
2011-03-30,0.0,-1.0
2011-04-06,3.0,3.0
2011-04-13,4.0,1.0
2011-04-20,5.0,1.0
2011-04-27,5.0,0.0
2011-05-04,4.0,-1.0
2011-05-11,4.0,0.0
2011-05-18,4.0,0.0
2011-05-25,5.0,1.0
2011-06-01,6.0,1.0
2011-06-08,7.0,1.0
2011-06-15,6.0,-1.0
2011-06-22,8.0,2.0
2011-06-29,9.0,1.0
2011-07-06,6.0,-3.0
2011-07-13,16.0,10.0
2011-07-20,22.0,6.0
2011-07-27,23.0,1.0
2011-08-03,26.0,3.0
2011-08-10,32.0,6.0
2011-08-17,32.0,0.0
2011-08-24,35.0,3.0
2011-08-31,27.0,-8.0
2011-09-07,7.0,-20.0
2011-09-14,24.0,17.0
2011-09-21,24.0,0.0
2011-09-28,21.0,-3.0
2011-10-05,12.0,-9.0
2011-10-12,5.0,-7.0
2011-10-19,3.0,-2.0
2011-10-26,1.0,-2.0
2011-11-02,2.0,1.0
2011-11-09,2.0,0.0
2011-11-16,1.0,-1.0
2011-11-23,1.0,0.0
2011-11-30,2.0,1.0
2011-12-07,2.0,0.0
2011-12-14,5.0,3.0
2011-12-21,2.0,-3.0
2011-12-28,2.0,0.0
2012-01-04,0.0,-2.0
2012-01-11,0.0,0.0
2012-01-18,1.0,1.0
2012-01-25,0.0,-1.0
2012-02-01,0.0,0.0
2012-02-08,0.0,0.0
2012-02-15,0.0,0.0
2012-02-22,0.0,0.0
2012-02-29,0.0,0.0
2012-03-07,0.0,0.0
2012-03-14,0.0,0.0
2012-03-21,0.0,0.0
2012-03-28,0.0,0.0
2012-04-04,0.0,0.0
2012-04-11,0.0,0.0
2012-04-18,2.0,2.0
2012-04-25,2.0,0.0
2012-05-02,2.0,0.0
2012-05-09,2.0,0.0
2012-05-16,2.0,0.0
2012-05-23,2.0,0.0
2012-05-30,2.0,0.0
2012-06-06,3.0,1.0
2012-06-13,3.0,0.0
2012-06-20,10.0,7.0
2012-06-27,10.0,0.0
2012-07-04,16.0,6.0
2012-07-11,23.0,7.0
2012-07-18,27.0,4.0
2012-07-25,33.0,6.0
2012-08-01,33.0,0.0
2012-08-08,35.0,2.0
2012-08-15,37.0,2.0
2012-08-22,36.0,-1.0
2012-08-29,35.0,-1.0
2012-09-05,18.0,-17.0
2012-09-12,16.0,-2.0
2012-09-19,9.0,-7.0
2012-09-26,7.0,-2.0
2012-10-03,16.0,9.0
2012-10-10,3.0,-13.0
2012-10-17,2.0,-1.0
2012-10-24,1.0,-1.0
2012-10-31,0.0,-1.0
2012-11-07,0.0,0.0
2012-11-14,0.0,0.0
2012-11-21,0.0,0.0
2012-11-28,42.0,42.0
2012-12-05,2.0,-40.0
2012-12-12,4.0,2.0
2012-12-19,2.0,-2.0
2012-12-26,0.0,-2.0
2013-01-02,0.0,0.0
2013-01-09,0.0,0.0
2013-01-16,1.0,1.0
2013-01-23,0.0,-1.0
2013-01-30,0.0,0.0
2013-02-06,0.0,0.0
2013-02-13,0.0,0.0
2013-02-20,2.0,2.0
2013-02-27,0.0,-2.0
2013-03-06,0.0,0.0
2013-03-13,0.0,0.0
2013-03-20,0.0,0.0
2013-03-27,0.0,0.0
2013-04-03,0.0,0.0
2013-04-10,0.0,0.0
2013-04-17,3.0,3.0
2013-04-24,0.0,-3.0
2013-05-01,1.0,1.0
2013-05-08,8.0,7.0
2013-05-15,8.0,0.0
2013-05-22,9.0,1.0
2013-05-29,9.0,0.0
2013-06-05,9.0,0.0
2013-06-12,8.0,-1.0
2013-06-19,8.0,0.0
2013-06-26,9.0,1.0
2013-07-03,16.0,7.0
2013-07-10,9.0,-7.0
2013-07-17,15.0,6.0
2013-07-24,20.0,5.0
2013-07-31,21.0,1.0
2013-08-07,21.0,0.0
2013-08-14,23.0,2.0
2013-08-21,29.0,6.0
2013-08-28,32.0,3.0
2013-09-04,36.0,4.0
2013-09-11,32.0,-4.0
2013-09-18,29.0,-3.0
2013-09-25,31.0,2.0
2013-10-02,30.0,-1.0
2013-10-09,25.0,-5.0
2013-10-16,20.0,-5.0
2013-10-23,20.0,0.0
2013-10-30,18.0,-2.0
2013-11-06,14.0,-4.0
2013-11-13,13.0,-1.0
2013-11-20,10.0,-3.0
2013-11-27,7.0,-3.0
2013-12-04,12.0,5.0
2013-12-11,11.0,-1.0
2013-12-18,11.0,0.0
2013-12-25,8.0,-3.0
2014-01-01,3.0,-5.0
2014-01-08,0.0,-3.0
2014-01-15,0.0,0.0
2014-01-22,0.0,0.0
2014-01-29,1.0,1.0
2014-02-05,0.0,-1.0
2014-02-12,0.0,0.0
2014-02-19,0.0,0.0
2014-02-26,0.0,0.0
2014-03-05,0.0,0.0
2014-03-12,1.0,1.0
2014-03-19,1.0,0.0
2014-03-26,0.0,-1.0
2014-04-02,0.0,0.0
2014-04-09,2.0,2.0
2014-04-16,2.0,0.0
2014-04-23,2.0,0.0
2014-04-30,2.0,0.0
2014-05-07,4.0,2.0
2014-05-14,4.0,0.0
2014-05-21,10.0,6.0
2014-05-28,6.0,-4.0
2014-06-04,10.0,4.0
2014-06-11,15.0,5.0
2014-06-18,22.0,7.0
2014-06-25,33.0,11.0
2014-07-02,33.0,0.0
2014-07-09,35.0,2.0
2014-07-16,35.0,0.0
2014-07-23,45.0,10.0
2014-07-30,47.0,2.0
2014-08-06,47.0,0.0
2014-08-13,56.0,9.0
2014-08-20,65.0,9.0
2014-08-27,61.0,-4.0
2014-09-03,58.0,-3.0
2014-09-10,61.0,3.0
2014-09-17,59.0,-2.0
2014-09-24,65.0,6.0
2014-10-01,44.0,-21.0
2014-10-08,28.0,-16.0
2014-10-15,28.0,0.0
2014-10-22,21.0,-7.0
2014-10-29,13.0,-8.0
2014-11-05,5.0,-8.0
2014-11-12,5.0,0.0
2014-11-19,1.0,-4.0
2014-11-26,2.0,1.0
2014-12-03,2.0,0.0
2014-12-10,2.0,0.0
2014-12-17,3.0,1.0
2014-12-24,4.0,1.0
2014-12-31,0.0,-4.0
2015-01-07,0.0,0.0
2015-01-14,0.0,0.0
2015-01-21,0.0,0.0
2015-01-28,0.0,0.0
2015-02-04,1.0,1.0
2015-02-11,0.0,-1.0
2015-02-18,0.0,0.0
2015-02-25,0.0,0.0
2015-03-04,0.0,0.0
2015-03-11,0.0,0.0
2015-03-18,0.0,0.0
2015-03-25,0.0,0.0
2015-04-01,0.0,0.0
2015-04-08,0.0,0.0
2015-04-15,0.0,0.0
2015-04-22,0.0,0.0
2015-04-29,0.0,0.0
2015-05-06,0.0,0.0
2015-05-13,0.0,0.0
2015-05-20,4.0,4.0
2015-05-27,4.0,0.0
2015-06-03,7.0,3.0
2015-06-10,17.0,10.0
2015-06-17,21.0,4.0
2015-06-24,73.0,52.0
2015-07-01,32.0,-41.0
2015-07-08,30.0,-2.0
2015-07-15,37.0,7.0
2015-07-22,36.0,-1.0
2015-07-29,38.0,2.0
