Date,Values,Delta Calculations
2002-12-18,239.0, 
2002-12-25,258.0,19.0
2003-01-01,240.0,-18.0
2003-01-08,259.0,19.0
2003-01-15,264.0,5.0
2003-01-22,280.0,16.0
2003-01-29,295.0,15.0
2003-02-05,295.0,0.0
2003-02-12,312.0,17.0
2003-02-19,186.0,-126.0
2003-02-26,207.0,21.0
2003-03-05,205.0,-2.0
2003-03-12,221.0,16.0
2003-03-19,224.0,3.0
2003-03-26,240.0,16.0
2003-04-02,238.0,-2.0
2003-04-09,231.0,-7.0
2003-04-16,238.0,7.0
2003-04-23,252.0,14.0
2003-04-30,250.0,-2.0
2003-05-07,265.0,15.0
2003-05-14,279.0,14.0
2003-05-21,167.0,-112.0
2003-05-28,179.0,12.0
2003-06-04,181.0,2.0
2003-06-11,196.0,15.0
2003-06-18,210.0,14.0
2003-06-25,212.0,2.0
2003-07-02,214.0,2.0
2003-07-09,224.0,10.0
2003-07-16,229.0,5.0
2003-07-23,242.0,13.0
2003-07-30,254.0,12.0
2003-08-06,258.0,4.0
2003-08-13,271.0,13.0
2003-08-20,163.0,-108.0
2003-08-27,175.0,12.0
2003-09-03,164.0,-11.0
2003-09-10,177.0,13.0
2003-09-17,194.0,17.0
2003-09-24,207.0,13.0
2003-10-01,211.0,4.0
2003-10-08,224.0,13.0
2003-10-15,229.0,5.0
2003-10-22,242.0,13.0
2003-10-29,256.0,14.0
2003-11-05,258.0,2.0
2003-11-12,271.0,13.0
2003-11-19,160.0,-111.0
2003-11-26,174.0,14.0
2003-12-03,162.0,-12.0
2003-12-10,175.0,13.0
2003-12-17,197.0,22.0
2003-12-24,209.0,12.0
2003-12-31,203.0,-6.0
2004-01-07,216.0,13.0
2004-01-14,231.0,15.0
2004-01-21,237.0,6.0
2004-01-28,249.0,12.0
2004-02-04,258.0,9.0
2004-02-11,272.0,14.0
2004-02-18,170.0,-102.0
2004-02-25,179.0,9.0
2004-03-03,184.0,5.0
2004-03-10,175.0,-9.0
2004-03-17,192.0,17.0
2004-03-24,204.0,12.0
2004-03-31,206.0,2.0
2004-04-07,218.0,12.0
2004-04-14,229.0,11.0
2004-04-21,233.0,4.0
2004-04-28,246.0,13.0
2004-05-05,247.0,1.0
2004-05-12,259.0,12.0
2004-05-19,160.0,-99.0
2004-05-26,171.0,11.0
2004-06-02,176.0,5.0
2004-06-09,187.0,11.0
2004-06-16,183.0,-4.0
2004-06-23,195.0,12.0
2004-06-30,197.0,2.0
2004-07-07,212.0,15.0
2004-07-14,224.0,12.0
2004-07-21,227.0,3.0
2004-07-28,242.0,15.0
2004-08-04,244.0,2.0
2004-08-11,255.0,11.0
2004-08-18,158.0,-97.0
2004-08-25,170.0,12.0
2004-09-01,173.0,3.0
2004-09-08,164.0,-9.0
2004-09-15,183.0,19.0
2004-09-22,195.0,12.0
2004-09-29,206.0,11.0
2004-10-06,213.0,7.0
2004-10-13,225.0,12.0
2004-10-20,232.0,7.0
2004-10-27,243.0,11.0
2004-11-03,245.0,2.0
2004-11-10,260.0,15.0
2004-11-17,167.0,-93.0
2004-11-24,182.0,15.0
2004-12-01,183.0,1.0
2004-12-08,172.0,-11.0
2004-12-15,192.0,20.0
2004-12-22,204.0,12.0
2004-12-29,217.0,13.0
2005-01-05,218.0,1.0
2005-01-12,231.0,13.0
2005-01-19,226.0,-5.0
2005-01-26,239.0,13.0
2005-02-02,250.0,11.0
2005-02-09,261.0,11.0
2005-02-16,171.0,-90.0
2005-02-23,172.0,1.0
2005-03-02,181.0,9.0
2005-03-09,193.0,12.0
2005-03-16,204.0,11.0
2005-03-23,187.0,-17.0
2005-03-30,196.0,9.0
2005-04-06,215.0,19.0
2005-04-13,238.0,23.0
2005-04-20,245.0,7.0
2005-04-27,256.0,11.0
2005-05-04,263.0,7.0
2005-05-11,278.0,15.0
2005-05-18,185.0,-93.0
2005-05-25,198.0,13.0
2005-06-01,215.0,17.0
2005-06-08,192.0,-23.0
2005-06-15,206.0,14.0
2005-06-22,217.0,11.0
2005-06-29,227.0,10.0
2005-07-06,229.0,2.0
2005-07-13,243.0,14.0
2005-07-20,250.0,7.0
2005-07-27,261.0,11.0
2005-08-03,264.0,3.0
2005-08-10,286.0,22.0
2005-08-17,181.0,-105.0
2005-08-24,193.0,12.0
2005-08-31,193.0,0.0
2005-09-07,182.0,-11.0
2005-09-14,197.0,15.0
2005-09-21,218.0,21.0
2005-09-28,229.0,11.0
2005-10-05,231.0,2.0
2005-10-12,251.0,20.0
2005-10-19,255.0,4.0
2005-10-26,268.0,13.0
2005-11-02,269.0,1.0
2005-11-09,281.0,12.0
2005-11-16,287.0,6.0
2005-11-23,215.0,-72.0
2005-11-30,212.0,-3.0
2005-12-07,203.0,-9.0
2005-12-14,226.0,23.0
2005-12-21,233.0,7.0
2005-12-28,242.0,9.0
2006-01-04,242.0,0.0
2006-01-11,256.0,14.0
2006-01-18,256.0,0.0
2006-01-25,270.0,14.0
2006-02-01,286.0,16.0
2006-02-08,299.0,13.0
2006-02-15,194.0,-105.0
2006-02-22,208.0,14.0
2006-03-01,226.0,18.0
2006-03-08,239.0,13.0
2006-03-15,218.0,-21.0
2006-03-22,232.0,14.0
2006-03-29,245.0,13.0
2006-04-05,245.0,0.0
2006-04-12,258.0,13.0
2006-04-19,276.0,18.0
2006-04-26,289.0,13.0
2006-05-03,285.0,-4.0
2006-05-10,309.0,24.0
2006-05-17,216.0,-93.0
2006-05-24,202.0,-14.0
2006-05-31,199.0,-3.0
2006-06-07,221.0,22.0
2006-06-14,237.0,16.0
2006-06-21,248.0,11.0
2006-06-28,262.0,14.0
2006-07-05,258.0,-4.0
2006-07-12,283.0,25.0
2006-07-19,283.0,0.0
2006-07-26,296.0,13.0
2006-08-02,294.0,-2.0
2006-08-09,308.0,14.0
2006-08-16,213.0,-95.0
2006-08-23,227.0,14.0
2006-08-30,212.0,-15.0
2006-09-06,207.0,-5.0
2006-09-13,221.0,14.0
2006-09-20,242.0,21.0
2006-09-27,256.0,14.0
2006-10-04,250.0,-6.0
2006-10-11,263.0,13.0
2006-10-18,277.0,14.0
2006-10-25,293.0,16.0
2006-11-01,285.0,-8.0
2006-11-08,300.0,15.0
2006-11-15,216.0,-84.0
2006-11-22,203.0,-13.0
2006-11-29,214.0,11.0
2006-12-06,215.0,1.0
2006-12-13,236.0,21.0
2006-12-20,251.0,15.0
2006-12-27,267.0,16.0
2007-01-03,261.0,-6.0
2007-01-10,282.0,21.0
2007-01-17,279.0,-3.0
2007-01-24,294.0,15.0
2007-01-31,304.0,10.0
2007-02-07,319.0,15.0
2007-02-14,332.0,13.0
2007-02-21,221.0,-111.0
2007-02-28,199.0,-22.0
2007-03-07,214.0,15.0
2007-03-14,235.0,21.0
2007-03-21,238.0,3.0
2007-03-28,254.0,16.0
2007-04-04,257.0,3.0
2007-04-11,271.0,14.0
2007-04-18,281.0,10.0
2007-04-25,297.0,16.0
2007-05-02,302.0,5.0
2007-05-09,318.0,16.0
2007-05-16,222.0,-96.0
2007-05-23,210.0,-12.0
2007-05-30,225.0,15.0
2007-06-06,231.0,6.0
2007-06-13,244.0,13.0
2007-06-20,258.0,14.0
2007-06-27,273.0,15.0
2007-07-04,276.0,3.0
2007-07-11,290.0,14.0
2007-07-18,286.0,-4.0
2007-07-25,302.0,16.0
2007-08-01,311.0,9.0
2007-08-08,326.0,15.0
2007-08-15,212.0,-114.0
2007-08-22,205.0,-7.0
2007-08-29,220.0,15.0
2007-09-05,221.0,1.0
2007-09-12,322.0,101.0
2007-09-19,272.0,-50.0
2007-09-26,267.0,-5.0
2007-10-03,267.0,0.0
2007-10-10,281.0,14.0
2007-10-17,297.0,16.0
2007-10-24,303.0,6.0
2007-10-31,306.0,3.0
2007-11-07,323.0,17.0
2007-11-14,338.0,15.0
2007-11-21,207.0,-131.0
2007-11-28,219.0,12.0
2007-12-05,227.0,8.0
2007-12-12,245.0,18.0
2007-12-19,251.0,6.0
2007-12-26,265.0,14.0
2008-01-02,267.0,2.0
2008-01-09,288.0,21.0
2008-01-16,287.0,-1.0
2008-01-23,300.0,13.0
2008-01-30,312.0,12.0
2008-02-06,326.0,14.0
2008-02-13,342.0,16.0
2008-02-20,219.0,-123.0
2008-02-27,233.0,14.0
2008-03-05,234.0,1.0
2008-03-12,222.0,-12.0
2008-03-19,230.0,8.0
2008-03-26,242.0,12.0
2008-04-02,241.0,-1.0
2008-04-09,256.0,15.0
2008-04-16,258.0,2.0
2008-04-23,289.0,31.0
2008-04-30,293.0,4.0
2008-05-07,306.0,13.0
2008-05-14,318.0,12.0
2008-05-21,194.0,-124.0
2008-05-28,200.0,6.0
2008-06-04,207.0,7.0
2008-06-11,223.0,16.0
2008-06-18,236.0,13.0
2008-06-25,248.0,12.0
2008-07-02,255.0,7.0
2008-07-09,269.0,14.0
2008-07-16,268.0,-1.0
2008-07-23,279.0,11.0
2008-07-30,294.0,15.0
2008-08-06,315.0,21.0
2008-08-13,291.0,-24.0
2008-08-20,171.0,-120.0
2008-08-27,187.0,16.0
2008-09-03,190.0,3.0
2008-09-10,205.0,15.0
2008-09-17,213.0,8.0
2008-09-24,230.0,17.0
2008-10-01,239.0,9.0
2008-10-08,253.0,14.0
2008-10-15,255.0,2.0
2008-10-22,269.0,14.0
2008-10-29,285.0,16.0
2008-11-05,303.0,18.0
2008-11-12,302.0,-1.0
2008-11-19,176.0,-126.0
2008-11-26,189.0,13.0
2008-12-03,195.0,6.0
2008-12-10,210.0,15.0
2008-12-17,224.0,14.0
2008-12-24,243.0,19.0
2008-12-31,247.0,4.0
2009-01-07,255.0,8.0
2009-01-14,274.0,19.0
2009-01-21,268.0,-6.0
2009-01-28,286.0,18.0
2009-02-04,295.0,9.0
2009-02-11,311.0,16.0
2009-02-18,218.0,-93.0
2009-02-25,229.0,11.0
2009-03-04,231.0,2.0
2009-03-11,248.0,17.0
2009-03-18,244.0,-4.0
2009-03-25,300.0,56.0
2009-04-01,303.0,3.0
2009-04-08,330.0,27.0
2009-04-15,373.0,43.0
2009-04-22,403.0,30.0
2009-04-29,406.0,3.0
2009-05-06,431.0,25.0
2009-05-13,492.0,61.0
2009-05-20,391.0,-101.0
2009-05-27,392.0,1.0
2009-06-03,413.0,21.0
2009-06-10,420.0,7.0
2009-06-17,444.0,24.0
2009-06-24,444.0,0.0
2009-07-01,441.0,-3.0
2009-07-08,474.0,33.0
2009-07-15,479.0,5.0
2009-07-22,511.0,32.0
2009-07-29,513.0,2.0
2009-08-05,546.0,33.0
2009-08-12,595.0,49.0
2009-08-19,452.0,-143.0
2009-08-26,398.0,-54.0
2009-09-02,406.0,8.0
2009-09-09,452.0,46.0
2009-09-16,456.0,4.0
2009-09-23,505.0,49.0
2009-09-30,493.0,-12.0
2009-10-07,531.0,38.0
2009-10-14,595.0,64.0
2009-10-21,592.0,-3.0
2009-10-28,583.0,-9.0
2009-11-04,604.0,21.0
2009-11-11,665.0,61.0
2009-11-18,487.0,-178.0
2009-11-25,443.0,-44.0
2009-12-02,469.0,26.0
2009-12-09,599.0,130.0
2009-12-16,598.0,-1.0
2009-12-23,640.0,42.0
2009-12-30,590.0,-50.0
2010-01-06,606.0,16.0
2010-01-13,729.0,123.0
2010-01-20,654.0,-75.0
2010-01-27,628.0,-26.0
2010-02-03,657.0,29.0
2010-02-10,726.0,69.0
2010-02-17,507.0,-219.0
2010-02-24,576.0,69.0
2010-03-03,502.0,-74.0
2010-03-10,560.0,58.0
2010-03-17,555.0,-5.0
2010-03-24,600.0,45.0
2010-03-31,551.0,-49.0
2010-04-07,615.0,64.0
2010-04-14,701.0,86.0
2010-04-21,465.0,-236.0
2010-04-28,441.0,-24.0
2010-05-05,478.0,37.0
2010-05-12,519.0,41.0
2010-05-19,389.0,-130.0
2010-05-26,363.0,-26.0
2010-06-02,390.0,27.0
2010-06-09,404.0,14.0
2010-06-16,399.0,-5.0
2010-06-23,432.0,33.0
2010-06-30,403.0,-29.0
2010-07-07,443.0,40.0
2010-07-14,477.0,34.0
2010-07-21,456.0,-21.0
2010-07-28,442.0,-14.0
2010-08-04,477.0,35.0
2010-08-11,520.0,43.0
2010-08-18,361.0,-159.0
2010-08-25,308.0,-53.0
2010-09-01,341.0,33.0
2010-09-08,378.0,37.0
2010-09-15,363.0,-15.0
2010-09-22,402.0,39.0
2010-09-29,378.0,-24.0
2010-10-06,417.0,39.0
2010-10-13,457.0,40.0
2010-10-20,436.0,-21.0
2010-10-27,419.0,-17.0
2010-11-03,446.0,27.0
2010-11-10,497.0,51.0
2010-11-17,361.0,-136.0
2010-11-24,382.0,21.0
2010-12-01,347.0,-35.0
2010-12-08,395.0,48.0
2010-12-15,392.0,-3.0
2010-12-22,438.0,46.0
2010-12-29,423.0,-15.0
2011-01-05,449.0,26.0
2011-01-12,496.0,47.0
2011-01-19,478.0,-18.0
2011-01-26,470.0,-8.0
2011-02-02,502.0,32.0
2011-02-09,552.0,50.0
2011-02-16,379.0,-173.0
2011-02-23,428.0,49.0
2011-03-02,405.0,-23.0
2011-03-09,426.0,21.0
2011-03-16,423.0,-3.0
2011-03-23,466.0,43.0
2011-03-30,460.0,-6.0
2011-04-06,495.0,35.0
2011-04-13,544.0,49.0
2011-04-20,406.0,-138.0
2011-04-27,403.0,-3.0
2011-05-04,431.0,28.0
2011-05-11,440.0,9.0
2011-05-18,309.0,-131.0
2011-05-25,306.0,-3.0
2011-06-01,324.0,18.0
2011-06-08,361.0,37.0
2011-06-15,364.0,3.0
2011-06-22,398.0,34.0
2011-06-29,398.0,0.0
2011-07-06,412.0,14.0
2011-07-13,449.0,37.0
2011-07-20,437.0,-12.0
2011-07-27,438.0,1.0
2011-08-03,431.0,-7.0
2011-08-10,465.0,34.0
2011-08-17,307.0,-158.0
2011-08-24,339.0,32.0
2011-08-31,315.0,-24.0
2011-09-07,350.0,35.0
2011-09-14,387.0,37.0
2011-09-21,385.0,-2.0
2011-09-28,383.0,-2.0
2011-10-05,404.0,21.0
2011-10-12,438.0,34.0
2011-10-19,432.0,-6.0
2011-10-26,432.0,0.0
2011-11-02,446.0,14.0
2011-11-09,457.0,11.0
2011-11-16,314.0,-143.0
2011-11-23,348.0,34.0
2011-11-30,327.0,-21.0
2011-12-07,363.0,36.0
2011-12-14,401.0,38.0
2011-12-21,406.0,5.0
2011-12-28,410.0,4.0
2012-01-04,419.0,9.0
2012-01-11,453.0,34.0
2012-01-18,443.0,-10.0
2012-01-25,449.0,6.0
2012-02-01,469.0,20.0
2012-02-08,505.0,36.0
2012-02-15,324.0,-181.0
2012-02-22,352.0,28.0
2012-02-29,314.0,-38.0
2012-03-07,348.0,34.0
2012-03-14,382.0,34.0
2012-03-21,390.0,8.0
2012-03-28,392.0,2.0
2012-04-04,412.0,20.0
2012-04-11,451.0,39.0
2012-04-18,383.0,-68.0
2012-04-25,383.0,0.0
2012-05-02,400.0,17.0
2012-05-09,430.0,30.0
2012-05-16,291.0,-139.0
2012-05-23,292.0,1.0
2012-05-30,291.0,-1.0
2012-06-06,308.0,17.0
2012-06-13,337.0,29.0
2012-06-20,345.0,8.0
2012-06-27,349.0,4.0
2012-07-04,363.0,14.0
2012-07-11,392.0,29.0
2012-07-18,395.0,3.0
2012-07-25,394.0,-1.0
2012-08-01,413.0,19.0
2012-08-08,442.0,29.0
2012-08-15,273.0,-169.0
2012-08-22,272.0,-1.0
2012-08-29,274.0,2.0
2012-09-05,292.0,18.0
2012-09-12,324.0,32.0
2012-09-19,330.0,6.0
2012-09-26,331.0,1.0
2012-10-03,350.0,19.0
2012-10-10,379.0,29.0
2012-10-17,386.0,7.0
2012-10-24,408.0,22.0
2012-10-31,403.0,-5.0
2012-11-07,404.0,1.0
2012-11-14,434.0,30.0
2012-11-21,281.0,-153.0
2012-11-28,282.0,1.0
2012-12-05,299.0,17.0
2012-12-12,328.0,29.0
2012-12-19,340.0,12.0
2012-12-26,341.0,1.0
2013-01-02,361.0,20.0
2013-01-09,391.0,30.0
2013-01-16,403.0,12.0
2013-01-23,422.0,19.0
2013-01-30,431.0,9.0
2013-02-06,458.0,27.0
2013-02-13,490.0,32.0
2013-02-20,273.0,-217.0
2013-02-27,289.0,16.0
2013-03-06,306.0,17.0
2013-03-13,339.0,33.0
2013-03-20,353.0,14.0
2013-03-27,353.0,0.0
2013-04-03,377.0,24.0
2013-04-10,411.0,34.0
2013-04-17,434.0,23.0
2013-04-24,458.0,24.0
2013-05-01,453.0,-5.0
2013-05-08,487.0,34.0
2013-05-15,282.0,-205.0
2013-05-22,309.0,27.0
2013-05-29,316.0,7.0
2013-06-05,339.0,23.0
2013-06-12,371.0,32.0
2013-06-19,389.0,18.0
2013-06-26,387.0,-2.0
2013-07-03,419.0,32.0
2013-07-10,448.0,29.0
2013-07-17,455.0,7.0
2013-07-24,485.0,30.0
2013-07-31,484.0,-1.0
2013-08-07,519.0,35.0
2013-08-14,527.0,8.0
2013-08-21,310.0,-217.0
2013-08-28,316.0,6.0
2013-09-04,340.0,24.0
2013-09-11,375.0,35.0
2013-09-18,391.0,16.0
2013-09-25,390.0,-1.0
2013-10-02,434.0,44.0
2013-10-09,472.0,38.0
2013-10-16,484.0,12.0
2013-10-23,512.0,28.0
2013-10-30,528.0,16.0
2013-11-06,542.0,14.0
2013-11-13,581.0,39.0
2013-11-20,347.0,-234.0
2013-11-27,370.0,23.0
2013-12-04,384.0,14.0
2013-12-11,426.0,42.0
2013-12-18,441.0,15.0
2013-12-25,473.0,32.0
2014-01-01,457.0,-16.0
2014-01-08,503.0,46.0
2014-01-15,514.0,11.0
2014-01-22,543.0,29.0
2014-01-29,551.0,8.0
2014-02-05,584.0,33.0
2014-02-12,625.0,41.0
2014-02-19,395.0,-230.0
2014-02-26,357.0,-38.0
2014-03-05,394.0,37.0
2014-03-12,435.0,41.0
2014-03-19,451.0,16.0
2014-03-26,446.0,-5.0
2014-04-02,474.0,28.0
2014-04-09,417.0,-57.0
2014-04-16,425.0,8.0
2014-04-23,450.0,25.0
2014-04-30,445.0,-5.0
2014-05-07,478.0,33.0
2014-05-14,476.0,-2.0
2014-05-21,306.0,-170.0
2014-05-28,310.0,4.0
2014-06-04,334.0,24.0
2014-06-11,367.0,33.0
2014-06-18,380.0,13.0
2014-06-25,374.0,-6.0
2014-07-02,399.0,25.0
2014-07-09,432.0,33.0
2014-07-16,441.0,9.0
2014-07-23,466.0,25.0
2014-07-30,479.0,13.0
2014-08-06,495.0,16.0
2014-08-13,492.0,-3.0
2014-08-20,296.0,-196.0
2014-08-27,299.0,3.0
2014-09-03,323.0,24.0
2014-09-10,356.0,33.0
2014-09-17,370.0,14.0
2014-09-24,395.0,25.0
2014-10-01,389.0,-6.0
2014-10-08,422.0,33.0
2014-10-15,429.0,7.0
2014-10-22,455.0,26.0
2014-10-29,457.0,2.0
2014-11-05,481.0,24.0
2014-11-12,514.0,33.0
2014-11-19,314.0,-200.0
2014-11-26,322.0,8.0
2014-12-03,334.0,12.0
2014-12-10,368.0,34.0
2014-12-17,380.0,12.0
2014-12-24,411.0,31.0
2014-12-31,396.0,-15.0
2015-01-07,429.0,33.0
2015-01-14,463.0,34.0
2015-01-21,459.0,-4.0
2015-01-28,465.0,6.0
2015-02-04,497.0,32.0
2015-02-11,530.0,33.0
2015-02-18,341.0,-189.0
2015-02-25,450.0,109.0
2015-03-04,488.0,38.0
2015-03-11,519.0,31.0
2015-03-18,526.0,7.0
2015-03-25,519.0,-7.0
2015-04-01,546.0,27.0
2015-04-08,437.0,-109.0
2015-04-15,442.0,5.0
2015-04-22,409.0,-33.0
2015-04-29,412.0,3.0
2015-05-06,439.0,27.0
2015-05-13,469.0,30.0
2015-05-20,322.0,-147.0
2015-05-27,434.0,112.0
2015-06-03,462.0,28.0
2015-06-10,488.0,26.0
2015-06-17,496.0,8.0
2015-06-24,514.0,18.0
2015-07-01,373.0,-141.0
2015-07-08,398.0,25.0
2015-07-15,403.0,5.0
2015-07-22,425.0,22.0
2015-07-29,426.0,1.0
