Date,Values,Delta Calculations
2002-12-18,72.0, 
2002-12-25,87.0,15.0
2003-01-01,0.0,-87.0
2003-01-08,16.0,16.0
2003-01-15,19.0,3.0
2003-01-22,22.0,3.0
2003-01-29,15.0,-7.0
2003-02-05,10.0,-5.0
2003-02-12,10.0,0.0
2003-02-19,20.0,10.0
2003-02-26,20.0,0.0
2003-03-05,18.0,-2.0
2003-03-12,17.0,-1.0
2003-03-19,6.0,-11.0
2003-03-26,15.0,9.0
2003-04-02,17.0,2.0
2003-04-09,13.0,-4.0
2003-04-16,27.0,14.0
2003-04-23,18.0,-9.0
2003-04-30,26.0,8.0
2003-05-07,37.0,11.0
2003-05-14,50.0,13.0
2003-05-21,53.0,3.0
2003-05-28,34.0,-19.0
2003-06-04,37.0,3.0
2003-06-11,43.0,6.0
2003-06-18,43.0,0.0
2003-06-25,35.0,-8.0
2003-07-02,34.0,-1.0
2003-07-09,37.0,3.0
2003-07-16,41.0,4.0
2003-07-23,42.0,1.0
2003-07-30,30.0,-12.0
2003-08-06,42.0,12.0
2003-08-13,41.0,-1.0
2003-08-20,40.0,-1.0
2003-08-27,32.0,-8.0
2003-09-03,35.0,3.0
2003-09-10,45.0,10.0
2003-09-17,51.0,6.0
2003-09-24,48.0,-3.0
2003-10-01,47.0,-1.0
2003-10-08,45.0,-2.0
2003-10-15,38.0,-7.0
2003-10-22,49.0,11.0
2003-10-29,37.0,-12.0
2003-11-05,31.0,-6.0
2003-11-12,49.0,18.0
2003-11-19,52.0,3.0
2003-11-26,38.0,-14.0
2003-12-03,50.0,12.0
2003-12-10,45.0,-5.0
2003-12-17,52.0,7.0
2003-12-24,40.0,-12.0
2003-12-31,0.0,-40.0
2004-01-07,16.0,16.0
2004-01-14,11.0,-5.0
2004-01-21,14.0,3.0
2004-01-28,12.0,-2.0
2004-02-04,7.0,-5.0
2004-02-11,17.0,10.0
2004-02-18,14.0,-3.0
2004-02-25,0.0,-14.0
2004-03-03,0.0,0.0
2004-03-10,3.0,3.0
2004-03-17,24.0,21.0
2004-03-24,11.0,-13.0
2004-03-31,19.0,8.0
2004-04-07,8.0,-11.0
2004-04-14,1.0,-7.0
2004-04-21,18.0,17.0
2004-04-28,7.0,-11.0
2004-05-05,23.0,16.0
2004-05-12,3.0,-20.0
2004-05-19,22.0,19.0
2004-05-26,11.0,-11.0
2004-06-02,20.0,9.0
2004-06-09,13.0,-7.0
2004-06-16,18.0,5.0
2004-06-23,19.0,1.0
2004-06-30,7.0,-12.0
2004-07-07,21.0,14.0
2004-07-14,13.0,-8.0
2004-07-21,15.0,2.0
2004-07-28,2.0,-13.0
2004-08-04,10.0,8.0
2004-08-11,19.0,9.0
2004-08-18,26.0,7.0
2004-08-25,8.0,-18.0
2004-09-01,9.0,1.0
2004-09-08,15.0,6.0
2004-09-15,18.0,3.0
2004-09-22,20.0,2.0
2004-09-29,11.0,-9.0
2004-10-06,22.0,11.0
2004-10-13,23.0,1.0
2004-10-20,37.0,14.0
2004-10-27,21.0,-16.0
2004-11-03,23.0,2.0
2004-11-10,27.0,4.0
2004-11-17,42.0,15.0
2004-11-24,18.0,-24.0
2004-12-01,17.0,-1.0
2004-12-08,13.0,-4.0
2004-12-15,31.0,18.0
2004-12-22,16.0,-15.0
2004-12-29,20.0,4.0
2005-01-05,2.0,-18.0
2005-01-12,13.0,11.0
2005-01-19,16.0,3.0
2005-01-26,21.0,5.0
2005-02-02,34.0,13.0
2005-02-09,37.0,3.0
2005-02-16,50.0,13.0
2005-02-23,59.0,9.0
2005-03-02,74.0,15.0
2005-03-09,93.0,19.0
2005-03-16,104.0,11.0
2005-03-23,98.0,-6.0
2005-03-30,102.0,4.0
2005-04-06,122.0,20.0
2005-04-13,138.0,16.0
2005-04-20,155.0,17.0
2005-04-27,162.0,7.0
2005-05-04,108.0,-54.0
2005-05-11,95.0,-13.0
2005-05-18,100.0,5.0
2005-05-25,91.0,-9.0
2005-06-01,95.0,4.0
2005-06-08,120.0,25.0
2005-06-15,98.0,-22.0
2005-06-22,112.0,14.0
2005-06-29,96.0,-16.0
2005-07-06,103.0,7.0
2005-07-13,16.0,-87.0
2005-07-20,20.0,4.0
2005-07-27,8.0,-12.0
2005-08-03,18.0,10.0
2005-08-10,25.0,7.0
2005-08-17,14.0,-11.0
2005-08-24,5.0,-9.0
2005-08-31,12.0,7.0
2005-09-07,18.0,6.0
2005-09-14,12.0,-6.0
2005-09-21,22.0,10.0
2005-09-28,1.0,-21.0
2005-10-05,13.0,12.0
2005-10-12,23.0,10.0
2005-10-19,11.0,-12.0
2005-10-26,9.0,-2.0
2005-11-02,12.0,3.0
2005-11-09,10.0,-2.0
2005-11-16,26.0,16.0
2005-11-23,23.0,-3.0
2005-11-30,4.0,-19.0
2005-12-07,14.0,10.0
2005-12-14,35.0,21.0
2005-12-21,9.0,-26.0
2005-12-28,6.0,-3.0
2006-01-04,18.0,12.0
2006-01-11,20.0,2.0
2006-01-18,13.0,-7.0
2006-01-25,18.0,5.0
2006-02-01,12.0,-6.0
2006-02-08,12.0,0.0
2006-02-15,13.0,1.0
2006-02-22,18.0,5.0
2006-03-01,14.0,-4.0
2006-03-08,18.0,4.0
2006-03-15,29.0,11.0
2006-03-22,22.0,-7.0
2006-03-29,11.0,-11.0
2006-04-05,18.0,7.0
2006-04-12,20.0,2.0
2006-04-19,33.0,13.0
2006-04-26,20.0,-13.0
2006-05-03,23.0,3.0
2006-05-10,35.0,12.0
2006-05-17,22.0,-13.0
2006-05-24,18.0,-4.0
2006-05-31,22.0,4.0
2006-06-07,39.0,17.0
2006-06-14,28.0,-11.0
2006-06-21,30.0,2.0
2006-06-28,24.0,-6.0
2006-07-05,31.0,7.0
2006-07-12,42.0,11.0
2006-07-19,27.0,-15.0
2006-07-26,26.0,-1.0
2006-08-02,27.0,1.0
2006-08-09,31.0,4.0
2006-08-16,41.0,10.0
2006-08-23,29.0,-12.0
2006-08-30,25.0,-4.0
2006-09-06,28.0,3.0
2006-09-13,31.0,3.0
2006-09-20,39.0,8.0
2006-09-27,27.0,-12.0
2006-10-04,30.0,3.0
2006-10-11,31.0,1.0
2006-10-18,45.0,14.0
2006-10-25,35.0,-10.0
2006-11-01,28.0,-7.0
2006-11-08,38.0,10.0
2006-11-15,60.0,22.0
2006-11-22,68.0,8.0
2006-11-29,53.0,-15.0
2006-12-06,61.0,8.0
2006-12-13,67.0,6.0
2006-12-20,58.0,-9.0
2006-12-27,53.0,-5.0
2007-01-03,8.0,-45.0
2007-01-10,17.0,9.0
2007-01-17,21.0,4.0
2007-01-24,18.0,-3.0
2007-01-31,22.0,4.0
2007-02-07,19.0,-3.0
2007-02-14,23.0,4.0
2007-02-21,23.0,0.0
2007-02-28,28.0,5.0
2007-03-07,20.0,-8.0
2007-03-14,25.0,5.0
2007-03-21,24.0,-1.0
2007-03-28,20.0,-4.0
2007-04-04,26.0,6.0
2007-04-11,26.0,0.0
2007-04-18,28.0,2.0
2007-04-25,28.0,0.0
2007-05-02,24.0,-4.0
2007-05-09,29.0,5.0
2007-05-16,28.0,-1.0
2007-05-23,29.0,1.0
2007-05-30,21.0,-8.0
2007-06-06,37.0,16.0
2007-06-13,26.0,-11.0
2007-06-20,30.0,4.0
2007-06-27,30.0,0.0
2007-07-04,63.0,33.0
2007-07-11,28.0,-35.0
2007-07-18,30.0,2.0
2007-07-25,15.0,-15.0
2007-08-01,41.0,26.0
2007-08-08,30.0,-11.0
2007-08-15,30.0,0.0
2007-08-22,33.0,3.0
2007-08-29,29.0,-4.0
2007-09-05,32.0,3.0
2007-09-12,33.0,1.0
2007-09-19,28.0,-5.0
2007-09-26,32.0,4.0
2007-10-03,31.0,-1.0
2007-10-10,33.0,2.0
2007-10-17,33.0,0.0
2007-10-24,35.0,2.0
2007-10-31,31.0,-4.0
2007-11-07,38.0,7.0
2007-11-14,36.0,-2.0
2007-11-21,42.0,6.0
2007-11-28,29.0,-13.0
2007-12-05,32.0,3.0
2007-12-12,33.0,1.0
2007-12-19,28.0,-5.0
2007-12-26,33.0,5.0
2008-01-02,10.0,-23.0
2008-01-09,21.0,11.0
2008-01-16,24.0,3.0
2008-01-23,22.0,-2.0
2008-01-30,18.0,-4.0
2008-02-06,21.0,3.0
2008-02-13,18.0,-3.0
2008-02-20,21.0,3.0
2008-02-27,22.0,1.0
2008-03-05,27.0,5.0
2008-03-12,26.0,-1.0
2008-03-19,33.0,7.0
2008-03-26,53.0,20.0
2008-04-02,33.0,-20.0
2008-04-09,39.0,6.0
2008-04-16,20.0,-19.0
2008-04-23,16.0,-4.0
2008-04-30,13.0,-3.0
2008-05-07,40.0,27.0
2008-05-14,31.0,-9.0
2008-05-21,30.0,-1.0
2008-05-28,25.0,-5.0
2008-06-04,21.0,-4.0
2008-06-11,17.0,-4.0
2008-06-18,16.0,-1.0
2008-06-25,17.0,1.0
2008-07-02,24.0,7.0
2008-07-09,17.0,-7.0
2008-07-16,22.0,5.0
2008-07-23,15.0,-7.0
2008-07-30,15.0,0.0
2008-08-06,19.0,4.0
2008-08-13,16.0,-3.0
2008-08-20,18.0,2.0
2008-08-27,19.0,1.0
2008-09-03,19.0,0.0
2008-09-10,14.0,-5.0
2008-09-17,24.0,10.0
2008-09-24,25.0,1.0
2008-10-01,13.0,-12.0
2008-10-08,21.0,8.0
2008-10-15,17.0,-4.0
2008-10-22,14.0,-3.0
2008-10-29,19.0,5.0
2008-11-05,18.0,-1.0
2008-11-12,33.0,15.0
2008-11-19,42.0,9.0
2008-11-26,47.0,5.0
2008-12-03,40.0,-7.0
2008-12-10,44.0,4.0
2008-12-17,60.0,16.0
2008-12-24,35.0,-25.0
2008-12-31,0.0,-35.0
2009-01-07,2.0,2.0
2009-01-14,3.0,1.0
2009-01-21,2.0,-1.0
2009-01-28,4.0,2.0
2009-02-04,6.0,2.0
2009-02-11,8.0,2.0
2009-02-18,10.0,2.0
2009-02-25,15.0,5.0
2009-03-04,16.0,1.0
2009-03-11,25.0,9.0
2009-03-18,30.0,5.0
2009-03-25,32.0,2.0
2009-04-01,21.0,-11.0
2009-04-08,28.0,7.0
2009-04-15,20.0,-8.0
2009-04-22,33.0,13.0
2009-04-29,32.0,-1.0
2009-05-06,54.0,22.0
2009-05-13,81.0,27.0
2009-05-20,46.0,-35.0
2009-05-27,54.0,8.0
2009-06-03,62.0,8.0
2009-06-10,56.0,-6.0
2009-06-17,76.0,20.0
2009-06-24,60.0,-16.0
2009-07-01,59.0,-1.0
2009-07-08,64.0,5.0
2009-07-15,46.0,-18.0
2009-07-22,70.0,24.0
2009-07-29,57.0,-13.0
2009-08-05,70.0,13.0
2009-08-12,64.0,-6.0
2009-08-19,71.0,7.0
2009-08-26,66.0,-5.0
2009-09-02,69.0,3.0
2009-09-09,70.0,1.0
2009-09-16,78.0,8.0
2009-09-23,72.0,-6.0
2009-09-30,72.0,0.0
2009-10-07,76.0,4.0
2009-10-14,102.0,26.0
2009-10-21,75.0,-27.0
2009-10-28,73.0,-2.0
2009-11-04,72.0,-1.0
2009-11-11,121.0,49.0
2009-11-18,73.0,-48.0
2009-11-25,87.0,14.0
2009-12-02,75.0,-12.0
2009-12-09,77.0,2.0
2009-12-16,84.0,7.0
2009-12-23,80.0,-4.0
2009-12-30,77.0,-3.0
2010-01-06,46.0,-31.0
2010-01-13,53.0,7.0
2010-01-20,56.0,3.0
2010-01-27,48.0,-8.0
2010-02-03,46.0,-2.0
2010-02-10,52.0,6.0
2010-02-17,60.0,8.0
2010-02-24,58.0,-2.0
2010-03-03,63.0,5.0
2010-03-10,54.0,-9.0
2010-03-17,59.0,5.0
2010-03-24,49.0,-10.0
2010-03-31,49.0,0.0
2010-04-07,56.0,7.0
2010-04-14,60.0,4.0
2010-04-21,35.0,-25.0
2010-04-28,28.0,-7.0
2010-05-05,35.0,7.0
2010-05-12,38.0,3.0
2010-05-19,40.0,2.0
2010-05-26,31.0,-9.0
2010-06-02,31.0,0.0
2010-06-09,38.0,7.0
2010-06-16,44.0,6.0
2010-06-23,39.0,-5.0
2010-06-30,31.0,-8.0
2010-07-07,42.0,11.0
2010-07-14,39.0,-3.0
2010-07-21,39.0,0.0
2010-07-28,35.0,-4.0
2010-08-04,36.0,1.0
2010-08-11,36.0,0.0
2010-08-18,35.0,-1.0
2010-08-25,30.0,-5.0
2010-09-01,36.0,6.0
2010-09-08,34.0,-2.0
2010-09-15,34.0,0.0
2010-09-22,42.0,8.0
2010-09-29,34.0,-8.0
2010-10-06,41.0,7.0
2010-10-13,40.0,-1.0
2010-10-20,33.0,-7.0
2010-10-27,29.0,-4.0
2010-11-03,34.0,5.0
2010-11-10,39.0,5.0
2010-11-17,24.0,-15.0
2010-11-24,43.0,19.0
2010-12-01,19.0,-24.0
2010-12-08,39.0,20.0
2010-12-15,33.0,-6.0
2010-12-22,36.0,3.0
2010-12-29,33.0,-3.0
2011-01-05,0.0,-33.0
2011-01-12,0.0,0.0
2011-01-19,0.0,0.0
2011-01-26,0.0,0.0
2011-02-02,0.0,0.0
2011-02-09,0.0,0.0
2011-02-16,0.0,0.0
2011-02-23,0.0,0.0
2011-03-02,0.0,0.0
2011-03-09,0.0,0.0
2011-03-16,0.0,0.0
2011-03-23,0.0,0.0
2011-03-30,0.0,0.0
2011-04-06,0.0,0.0
2011-04-13,0.0,0.0
2011-04-20,0.0,0.0
2011-04-27,0.0,0.0
2011-05-04,0.0,0.0
2011-05-11,0.0,0.0
2011-05-18,0.0,0.0
2011-05-25,0.0,0.0
2011-06-01,0.0,0.0
2011-06-08,0.0,0.0
2011-06-15,0.0,0.0
2011-06-22,0.0,0.0
2011-06-29,0.0,0.0
2011-07-06,0.0,0.0
2011-07-13,0.0,0.0
2011-07-20,0.0,0.0
2011-07-27,0.0,0.0
2011-08-03,0.0,0.0
2011-08-10,0.0,0.0
2011-08-17,0.0,0.0
2011-08-24,0.0,0.0
2011-08-31,0.0,0.0
2011-09-07,0.0,0.0
2011-09-14,0.0,0.0
2011-09-21,0.0,0.0
2011-09-28,0.0,0.0
2011-10-05,0.0,0.0
2011-10-12,0.0,0.0
2011-10-19,0.0,0.0
2011-10-26,0.0,0.0
2011-11-02,0.0,0.0
2011-11-09,0.0,0.0
2011-11-16,0.0,0.0
2011-11-23,0.0,0.0
2011-11-30,0.0,0.0
2011-12-07,0.0,0.0
2011-12-14,0.0,0.0
2011-12-21,0.0,0.0
2011-12-28,0.0,0.0
2012-01-04,0.0,0.0
2012-01-11,0.0,0.0
2012-01-18,0.0,0.0
2012-01-25,0.0,0.0
2012-02-01,0.0,0.0
2012-02-08,0.0,0.0
2012-02-15,0.0,0.0
2012-02-22,0.0,0.0
2012-02-29,0.0,0.0
2012-03-07,0.0,0.0
2012-03-14,0.0,0.0
2012-03-21,0.0,0.0
2012-03-28,0.0,0.0
2012-04-04,0.0,0.0
2012-04-11,0.0,0.0
2012-04-18,0.0,0.0
2012-04-25,0.0,0.0
2012-05-02,0.0,0.0
2012-05-09,0.0,0.0
2012-05-16,0.0,0.0
2012-05-23,0.0,0.0
2012-05-30,0.0,0.0
2012-06-06,0.0,0.0
2012-06-13,0.0,0.0
2012-06-20,0.0,0.0
2012-06-27,0.0,0.0
2012-07-04,0.0,0.0
2012-07-11,0.0,0.0
2012-07-18,0.0,0.0
2012-07-25,0.0,0.0
2012-08-01,0.0,0.0
2012-08-08,0.0,0.0
2012-08-15,0.0,0.0
2012-08-22,0.0,0.0
2012-08-29,0.0,0.0
2012-09-05,0.0,0.0
2012-09-12,0.0,0.0
2012-09-19,0.0,0.0
2012-09-26,0.0,0.0
2012-10-03,0.0,0.0
2012-10-10,0.0,0.0
2012-10-17,0.0,0.0
2012-10-24,0.0,0.0
2012-10-31,0.0,0.0
2012-11-07,0.0,0.0
2012-11-14,0.0,0.0
2012-11-21,0.0,0.0
2012-11-28,0.0,0.0
2012-12-05,0.0,0.0
2012-12-12,0.0,0.0
2012-12-19,0.0,0.0
2012-12-26,0.0,0.0
2013-01-02,0.0,0.0
2013-01-09,0.0,0.0
2013-01-16,0.0,0.0
2013-01-23,0.0,0.0
2013-01-30,0.0,0.0
2013-02-06,0.0,0.0
2013-02-13,0.0,0.0
2013-02-20,0.0,0.0
2013-02-27,0.0,0.0
2013-03-06,0.0,0.0
2013-03-13,0.0,0.0
2013-03-20,0.0,0.0
2013-03-27,0.0,0.0
2013-04-03,0.0,0.0
2013-04-10,0.0,0.0
2013-04-17,0.0,0.0
2013-04-24,0.0,0.0
2013-05-01,0.0,0.0
2013-05-08,0.0,0.0
2013-05-15,0.0,0.0
2013-05-22,0.0,0.0
2013-05-29,0.0,0.0
2013-06-05,0.0,0.0
2013-06-12,0.0,0.0
2013-06-19,0.0,0.0
2013-06-26,0.0,0.0
2013-07-03,0.0,0.0
2013-07-10,0.0,0.0
2013-07-17,0.0,0.0
2013-07-24,0.0,0.0
2013-07-31,0.0,0.0
2013-08-07,0.0,0.0
2013-08-14,0.0,0.0
2013-08-21,0.0,0.0
2013-08-28,0.0,0.0
2013-09-04,0.0,0.0
2013-09-11,0.0,0.0
2013-09-18,0.0,0.0
2013-09-25,0.0,0.0
2013-10-02,0.0,0.0
2013-10-09,0.0,0.0
2013-10-16,0.0,0.0
2013-10-23,0.0,0.0
2013-10-30,0.0,0.0
2013-11-06,0.0,0.0
2013-11-13,0.0,0.0
2013-11-20,0.0,0.0
2013-11-27,0.0,0.0
2013-12-04,0.0,0.0
2013-12-11,0.0,0.0
2013-12-18,0.0,0.0
2013-12-25,0.0,0.0
2014-01-01,0.0,0.0
2014-01-08,0.0,0.0
2014-01-15,0.0,0.0
2014-01-22,0.0,0.0
2014-01-29,0.0,0.0
2014-02-05,0.0,0.0
2014-02-12,0.0,0.0
2014-02-19,0.0,0.0
2014-02-26,0.0,0.0
2014-03-05,0.0,0.0
2014-03-12,0.0,0.0
2014-03-19,0.0,0.0
2014-03-26,0.0,0.0
2014-04-02,0.0,0.0
2014-04-09,0.0,0.0
2014-04-16,0.0,0.0
2014-04-23,0.0,0.0
2014-04-30,0.0,0.0
2014-05-07,0.0,0.0
2014-05-14,0.0,0.0
2014-05-21,0.0,0.0
2014-05-28,0.0,0.0
2014-06-04,0.0,0.0
2014-06-11,0.0,0.0
2014-06-18,0.0,0.0
2014-06-25,0.0,0.0
2014-07-02,0.0,0.0
2014-07-09,0.0,0.0
2014-07-16,0.0,0.0
2014-07-23,0.0,0.0
2014-07-30,0.0,0.0
2014-08-06,0.0,0.0
2014-08-13,0.0,0.0
2014-08-20,0.0,0.0
2014-08-27,0.0,0.0
2014-09-03,0.0,0.0
2014-09-10,0.0,0.0
2014-09-17,0.0,0.0
2014-09-24,0.0,0.0
2014-10-01,0.0,0.0
2014-10-08,0.0,0.0
2014-10-15,0.0,0.0
2014-10-22,0.0,0.0
2014-10-29,0.0,0.0
2014-11-05,0.0,0.0
2014-11-12,0.0,0.0
2014-11-19,0.0,0.0
2014-11-26,0.0,0.0
2014-12-03,0.0,0.0
2014-12-10,0.0,0.0
2014-12-17,0.0,0.0
2014-12-24,0.0,0.0
2014-12-31,0.0,0.0
2015-01-07,0.0,0.0
2015-01-14,0.0,0.0
2015-01-21,0.0,0.0
2015-01-28,0.0,0.0
2015-02-04,0.0,0.0
2015-02-11,0.0,0.0
2015-02-18,0.0,0.0
2015-02-25,0.0,0.0
2015-03-04,0.0,0.0
2015-03-11,0.0,0.0
2015-03-18,0.0,0.0
2015-03-25,0.0,0.0
2015-04-01,0.0,0.0
2015-04-08,0.0,0.0
2015-04-15,0.0,0.0
2015-04-22,0.0,0.0
2015-04-29,0.0,0.0
2015-05-06,0.0,0.0
2015-05-13,0.0,0.0
2015-05-20,0.0,0.0
2015-05-27,0.0,0.0
2015-06-03,0.0,0.0
2015-06-10,0.0,0.0
2015-06-17,0.0,0.0
2015-06-24,0.0,0.0
2015-07-01,0.0,0.0
2015-07-08,0.0,0.0
2015-07-15,0.0,0.0
2015-07-22,0.0,0.0
2015-07-29,0.0,0.0
