Date,Values,Delta Calculations
2002-12-18,66.0, 
2002-12-25,68.0,2.0
2003-01-01,61.0,-7.0
2003-01-08,62.0,1.0
2003-01-15,64.0,2.0
2003-01-22,62.0,-2.0
2003-01-29,64.0,2.0
2003-02-05,64.0,0.0
2003-02-12,66.0,2.0
2003-02-19,65.0,-1.0
2003-02-26,67.0,2.0
2003-03-05,65.0,-2.0
2003-03-12,66.0,1.0
2003-03-19,65.0,-1.0
2003-03-26,67.0,2.0
2003-04-02,65.0,-2.0
2003-04-09,67.0,2.0
2003-04-16,66.0,-1.0
2003-04-23,68.0,2.0
2003-04-30,67.0,-1.0
2003-05-07,69.0,2.0
2003-05-14,71.0,2.0
2003-05-21,69.0,-2.0
2003-05-28,71.0,2.0
2003-06-04,70.0,-1.0
2003-06-11,72.0,2.0
2003-06-18,70.0,-2.0
2003-06-25,72.0,2.0
2003-07-02,65.0,-7.0
2003-07-09,66.0,1.0
2003-07-16,64.0,-2.0
2003-07-23,66.0,2.0
2003-07-30,71.0,5.0
2003-08-06,67.0,-4.0
2003-08-13,68.0,1.0
2003-08-20,67.0,-1.0
2003-08-27,68.0,1.0
2003-09-03,71.0,3.0
2003-09-10,73.0,2.0
2003-09-17,71.0,-2.0
2003-09-24,73.0,2.0
2003-10-01,72.0,-1.0
2003-10-08,73.0,1.0
2003-10-15,75.0,2.0
2003-10-22,74.0,-1.0
2003-10-29,76.0,2.0
2003-11-05,75.0,-1.0
2003-11-12,76.0,1.0
2003-11-19,75.0,-1.0
2003-11-26,79.0,4.0
2003-12-03,75.0,-4.0
2003-12-10,77.0,2.0
2003-12-17,75.0,-2.0
2003-12-24,78.0,3.0
2003-12-31,70.0,-8.0
2004-01-07,70.0,0.0
2004-01-14,73.0,3.0
2004-01-21,73.0,0.0
2004-01-28,74.0,1.0
2004-02-04,73.0,-1.0
2004-02-11,76.0,3.0
2004-02-18,74.0,-2.0
2004-02-25,76.0,2.0
2004-03-03,75.0,-1.0
2004-03-10,76.0,1.0
2004-03-17,75.0,-1.0
2004-03-24,76.0,1.0
2004-03-31,75.0,-1.0
2004-04-07,77.0,2.0
2004-04-14,77.0,0.0
2004-04-21,77.0,0.0
2004-04-28,78.0,1.0
2004-05-05,78.0,0.0
2004-05-12,80.0,2.0
2004-05-19,79.0,-1.0
2004-05-26,80.0,1.0
2004-06-02,78.0,-2.0
2004-06-09,81.0,3.0
2004-06-16,77.0,-4.0
2004-06-23,79.0,2.0
2004-06-30,72.0,-7.0
2004-07-07,73.0,1.0
2004-07-14,75.0,2.0
2004-07-21,73.0,-2.0
2004-07-28,76.0,3.0
2004-08-04,74.0,-2.0
2004-08-11,76.0,2.0
2004-08-18,75.0,-1.0
2004-08-25,77.0,2.0
2004-09-01,75.0,-2.0
2004-09-08,77.0,2.0
2004-09-15,78.0,1.0
2004-09-22,77.0,-1.0
2004-09-29,82.0,5.0
2004-10-06,78.0,-4.0
2004-10-13,80.0,2.0
2004-10-20,77.0,-3.0
2004-10-27,79.0,2.0
2004-11-03,76.0,-3.0
2004-11-10,78.0,2.0
2004-11-17,76.0,-2.0
2004-11-24,81.0,5.0
2004-12-01,76.0,-5.0
2004-12-08,76.0,0.0
2004-12-15,78.0,2.0
2004-12-22,77.0,-1.0
2004-12-29,80.0,3.0
2005-01-05,62.0,-18.0
2005-01-12,64.0,2.0
2005-01-19,62.0,-2.0
2005-01-26,64.0,2.0
2005-02-02,63.0,-1.0
2005-02-09,65.0,2.0
2005-02-16,64.0,-1.0
2005-02-23,68.0,4.0
2005-03-02,66.0,-2.0
2005-03-09,68.0,2.0
2005-03-16,66.0,-2.0
2005-03-23,69.0,3.0
2005-03-30,72.0,3.0
2005-04-06,69.0,-3.0
2005-04-13,74.0,5.0
2005-04-20,72.0,-2.0
2005-04-27,72.0,0.0
2005-05-04,68.0,-4.0
2005-05-11,70.0,2.0
2005-05-18,69.0,-1.0
2005-05-25,73.0,4.0
2005-06-01,41.0,-32.0
2005-06-08,72.0,31.0
2005-06-15,74.0,2.0
2005-06-22,73.0,-1.0
2005-06-29,78.0,5.0
2005-07-06,63.0,-15.0
2005-07-13,66.0,3.0
2005-07-20,64.0,-2.0
2005-07-27,65.0,1.0
2005-08-03,63.0,-2.0
2005-08-10,65.0,2.0
2005-08-17,64.0,-1.0
2005-08-24,66.0,2.0
2005-08-31,69.0,3.0
2005-09-07,67.0,-2.0
2005-09-14,68.0,1.0
2005-09-21,67.0,-1.0
2005-09-28,68.0,1.0
2005-10-05,67.0,-1.0
2005-10-12,68.0,1.0
2005-10-19,67.0,-1.0
2005-10-26,68.0,1.0
2005-11-02,67.0,-1.0
2005-11-09,69.0,2.0
2005-11-16,68.0,-1.0
2005-11-23,69.0,1.0
2005-11-30,71.0,2.0
2005-12-07,69.0,-2.0
2005-12-14,71.0,2.0
2005-12-21,71.0,0.0
2005-12-28,72.0,1.0
2006-01-04,63.0,-9.0
2006-01-11,64.0,1.0
2006-01-18,63.0,-1.0
2006-01-25,65.0,2.0
2006-02-01,65.0,0.0
2006-02-08,66.0,1.0
2006-02-15,67.0,1.0
2006-02-22,66.0,-1.0
2006-03-01,65.0,-1.0
2006-03-08,67.0,2.0
2006-03-15,68.0,1.0
2006-03-22,67.0,-1.0
2006-03-29,69.0,2.0
2006-04-05,68.0,-1.0
2006-04-12,68.0,0.0
2006-04-19,69.0,1.0
2006-04-26,69.0,0.0
2006-05-03,66.0,-3.0
2006-05-10,70.0,4.0
2006-05-17,71.0,1.0
2006-05-24,71.0,0.0
2006-05-31,72.0,1.0
2006-06-07,71.0,-1.0
2006-06-14,63.0,-8.0
2006-06-21,72.0,9.0
2006-06-28,73.0,1.0
2006-07-05,66.0,-7.0
2006-07-12,68.0,2.0
2006-07-19,67.0,-1.0
2006-07-26,68.0,1.0
2006-08-02,68.0,0.0
2006-08-09,69.0,1.0
2006-08-16,67.0,-2.0
2006-08-23,69.0,2.0
2006-08-30,69.0,0.0
2006-09-06,72.0,3.0
2006-09-13,70.0,-2.0
2006-09-20,70.0,0.0
2006-09-27,71.0,1.0
2006-10-04,-19.0,-90.0
2006-10-11,70.0,89.0
2006-10-18,69.0,-1.0
2006-10-25,71.0,2.0
2006-11-01,70.0,-1.0
2006-11-08,71.0,1.0
2006-11-15,93.0,22.0
2006-11-22,92.0,-1.0
2006-11-29,92.0,0.0
2006-12-06,92.0,0.0
2006-12-13,93.0,1.0
2006-12-20,94.0,1.0
2006-12-27,92.0,-2.0
2007-01-03,91.0,-1.0
2007-01-10,89.0,-2.0
2007-01-17,85.0,-4.0
2007-01-24,89.0,4.0
2007-01-31,92.0,3.0
2007-02-07,92.0,0.0
2007-02-14,93.0,1.0
2007-02-21,92.0,-1.0
2007-02-28,95.0,3.0
2007-03-07,94.0,-1.0
2007-03-14,94.0,0.0
2007-03-21,92.0,-2.0
2007-03-28,90.0,-2.0
2007-04-04,97.0,7.0
2007-04-11,95.0,-2.0
2007-04-18,93.0,-2.0
2007-04-25,94.0,1.0
2007-05-02,95.0,1.0
2007-05-09,95.0,0.0
2007-05-16,93.0,-2.0
2007-05-23,94.0,1.0
2007-05-30,96.0,2.0
2007-06-06,98.0,2.0
2007-06-13,98.0,0.0
2007-06-20,96.0,-2.0
2007-06-27,96.0,0.0
2007-07-04,94.0,-2.0
2007-07-11,101.0,7.0
2007-07-18,93.0,-8.0
2007-07-25,95.0,2.0
2007-08-01,95.0,0.0
2007-08-08,95.0,0.0
2007-08-15,96.0,1.0
2007-08-22,98.0,2.0
2007-08-29,96.0,-2.0
2007-09-05,101.0,5.0
2007-09-12,102.0,1.0
2007-09-19,101.0,-1.0
2007-09-26,104.0,3.0
2007-10-03,107.0,3.0
2007-10-10,107.0,0.0
2007-10-17,104.0,-3.0
2007-10-24,104.0,0.0
2007-10-31,111.0,7.0
2007-11-07,106.0,-5.0
2007-11-14,108.0,2.0
2007-11-21,105.0,-3.0
2007-11-28,106.0,1.0
2007-12-05,106.0,0.0
2007-12-12,107.0,1.0
2007-12-19,101.0,-6.0
2007-12-26,102.0,1.0
2008-01-02,100.0,-2.0
2008-01-09,98.0,-2.0
2008-01-16,96.0,-2.0
2008-01-23,102.0,6.0
2008-01-30,94.0,-8.0
2008-02-06,98.0,4.0
2008-02-13,100.0,2.0
2008-02-20,97.0,-3.0
2008-02-27,95.0,-2.0
2008-03-05,109.0,14.0
2008-03-12,101.0,-8.0
2008-03-19,99.0,-2.0
2008-03-26,98.0,-1.0
2008-04-02,99.0,1.0
2008-04-09,101.0,2.0
2008-04-16,98.0,-3.0
2008-04-23,100.0,2.0
2008-04-30,104.0,4.0
2008-05-07,100.0,-4.0
2008-05-14,103.0,3.0
2008-05-21,100.0,-3.0
2008-05-28,98.0,-2.0
2008-06-04,102.0,4.0
2008-06-11,103.0,1.0
2008-06-18,101.0,-2.0
2008-06-25,100.0,-1.0
2008-07-02,99.0,-1.0
2008-07-09,100.0,1.0
2008-07-16,97.0,-3.0
2008-07-23,99.0,2.0
2008-07-30,95.0,-4.0
2008-08-06,82.0,-13.0
2008-08-13,101.0,19.0
2008-08-20,99.0,-2.0
2008-08-27,97.0,-2.0
2008-09-03,102.0,5.0
2008-09-10,103.0,1.0
2008-09-17,99.0,-4.0
2008-09-24,102.0,3.0
2008-10-01,102.0,0.0
2008-10-08,102.0,0.0
2008-10-15,100.0,-2.0
2008-10-22,102.0,2.0
2008-10-29,98.0,-4.0
2008-11-05,105.0,7.0
2008-11-12,106.0,1.0
2008-11-19,104.0,-2.0
2008-11-26,99.0,-5.0
2008-12-03,106.0,7.0
2008-12-10,105.0,-1.0
2008-12-17,100.0,-5.0
2008-12-24,101.0,1.0
2008-12-31,95.0,-6.0
2009-01-07,95.0,0.0
2009-01-14,99.0,4.0
2009-01-21,98.0,-1.0
2009-01-28,98.0,0.0
2009-02-04,102.0,4.0
2009-02-11,104.0,2.0
2009-02-18,102.0,-2.0
2009-02-25,103.0,1.0
2009-03-04,104.0,1.0
2009-03-11,106.0,2.0
2009-03-18,102.0,-4.0
2009-03-25,104.0,2.0
2009-04-01,103.0,-1.0
2009-04-08,105.0,2.0
2009-04-15,102.0,-3.0
2009-04-22,105.0,3.0
2009-04-29,102.0,-3.0
2009-05-06,107.0,5.0
2009-05-13,109.0,2.0
2009-05-20,107.0,-2.0
2009-05-27,105.0,-2.0
2009-06-03,108.0,3.0
2009-06-10,109.0,1.0
2009-06-17,107.0,-2.0
2009-06-24,106.0,-1.0
2009-07-01,102.0,-4.0
2009-07-08,103.0,1.0
2009-07-15,105.0,2.0
2009-07-22,103.0,-2.0
2009-07-29,100.0,-3.0
2009-08-05,104.0,4.0
2009-08-12,106.0,2.0
2009-08-19,104.0,-2.0
2009-08-26,103.0,-1.0
2009-09-02,106.0,3.0
2009-09-09,108.0,2.0
2009-09-16,106.0,-2.0
2009-09-23,109.0,3.0
2009-09-30,110.0,1.0
2009-10-07,110.0,0.0
2009-10-14,110.0,0.0
2009-10-21,110.0,0.0
2009-10-28,105.0,-5.0
2009-11-04,112.0,7.0
2009-11-11,117.0,5.0
2009-11-18,112.0,-5.0
2009-11-25,107.0,-5.0
2009-12-02,114.0,7.0
2009-12-09,115.0,1.0
2009-12-16,451.0,336.0
2009-12-23,200.0,-251.0
2009-12-30,163.0,-37.0
2010-01-06,123.0,-40.0
2010-01-13,427.0,304.0
2010-01-20,227.0,-200.0
2010-01-27,128.0,-99.0
2010-02-03,111.0,-17.0
2010-02-10,373.0,262.0
2010-02-17,163.0,-210.0
2010-02-24,155.0,-8.0
2010-03-03,108.0,-47.0
2010-03-10,184.0,76.0
2010-03-17,132.0,-52.0
2010-03-24,116.0,-16.0
2010-03-31,106.0,-10.0
2010-04-07,105.0,-1.0
2010-04-14,190.0,85.0
2010-04-21,135.0,-55.0
2010-04-28,125.0,-10.0
2010-05-05,126.0,1.0
2010-05-12,146.0,20.0
2010-05-19,134.0,-12.0
2010-05-26,123.0,-11.0
2010-06-02,120.0,-3.0
2010-06-09,118.0,-2.0
2010-06-16,141.0,23.0
2010-06-23,124.0,-17.0
2010-06-30,115.0,-9.0
2010-07-07,110.0,-5.0
2010-07-14,171.0,61.0
2010-07-21,112.0,-59.0
2010-07-28,111.0,-1.0
2010-08-04,119.0,8.0
2010-08-11,163.0,44.0
2010-08-18,104.0,-59.0
2010-08-25,101.0,-3.0
2010-09-01,105.0,4.0
2010-09-08,107.0,2.0
2010-09-15,104.0,-3.0
2010-09-22,106.0,2.0
2010-09-29,100.0,-6.0
2010-10-06,108.0,8.0
2010-10-13,108.0,0.0
2010-10-20,107.0,-1.0
2010-10-27,104.0,-3.0
2010-11-03,110.0,6.0
2010-11-10,109.0,-1.0
2010-11-17,109.0,0.0
2010-11-24,108.0,-1.0
2010-12-01,111.0,3.0
2010-12-08,111.0,0.0
2010-12-15,109.0,-2.0
2010-12-22,110.0,1.0
2010-12-29,104.0,-6.0
2011-01-05,102.0,-2.0
2011-01-12,103.0,1.0
2011-01-19,101.0,-2.0
2011-01-26,101.0,0.0
2011-02-02,100.0,-1.0
2011-02-09,103.0,3.0
2011-02-16,101.0,-2.0
2011-02-23,103.0,2.0
2011-03-02,102.0,-1.0
2011-03-09,105.0,3.0
2011-03-16,103.0,-2.0
2011-03-23,105.0,2.0
2011-03-30,109.0,4.0
2011-04-06,107.0,-2.0
2011-04-13,109.0,2.0
2011-04-20,107.0,-2.0
2011-04-27,102.0,-5.0
2011-05-04,108.0,6.0
2011-05-11,109.0,1.0
2011-05-18,108.0,-1.0
2011-05-25,103.0,-5.0
2011-06-01,108.0,5.0
2011-06-08,111.0,3.0
2011-06-15,113.0,2.0
2011-06-22,111.0,-2.0
2011-06-29,108.0,-3.0
2011-07-06,106.0,-2.0
2011-07-13,109.0,3.0
2011-07-20,106.0,-3.0
2011-07-27,109.0,3.0
2011-08-03,108.0,-1.0
2011-08-10,111.0,3.0
2011-08-17,107.0,-4.0
2011-08-24,110.0,3.0
2011-08-31,108.0,-2.0
2011-09-07,112.0,4.0
2011-09-14,113.0,1.0
2011-09-21,111.0,-2.0
2011-09-28,108.0,-3.0
2011-10-05,114.0,6.0
2011-10-12,115.0,1.0
2011-10-19,113.0,-2.0
2011-10-26,114.0,1.0
2011-11-02,115.0,1.0
2011-11-09,116.0,1.0
2011-11-16,117.0,1.0
2011-11-23,116.0,-1.0
2011-11-30,114.0,-2.0
2011-12-07,117.0,3.0
2011-12-14,130.0,13.0
2011-12-21,122.0,-8.0
2011-12-28,120.0,-2.0
2012-01-04,104.0,-16.0
2012-01-11,151.0,47.0
2012-01-18,114.0,-37.0
2012-01-25,112.0,-2.0
2012-02-01,133.0,21.0
2012-02-08,136.0,3.0
2012-02-15,141.0,5.0
2012-02-22,141.0,0.0
2012-02-29,129.0,-12.0
2012-03-07,131.0,2.0
2012-03-14,140.0,9.0
2012-03-21,139.0,-1.0
2012-03-28,130.0,-9.0
2012-04-04,136.0,6.0
2012-04-11,138.0,2.0
2012-04-18,138.0,0.0
2012-04-25,134.0,-4.0
2012-05-02,132.0,-2.0
2012-05-09,132.0,0.0
2012-05-16,137.0,5.0
2012-05-23,139.0,2.0
2012-05-30,130.0,-9.0
2012-06-06,135.0,5.0
2012-06-13,204.0,69.0
2012-06-20,152.0,-52.0
2012-06-27,135.0,-17.0
2012-07-04,121.0,-14.0
2012-07-11,132.0,11.0
2012-07-18,137.0,5.0
2012-07-25,134.0,-3.0
2012-08-01,127.0,-7.0
2012-08-08,133.0,6.0
2012-08-15,141.0,8.0
2012-08-22,137.0,-4.0
2012-08-29,130.0,-7.0
2012-09-05,135.0,5.0
2012-09-12,136.0,1.0
2012-09-19,144.0,8.0
2012-09-26,139.0,-5.0
2012-10-03,163.0,24.0
2012-10-10,165.0,2.0
2012-10-17,177.0,12.0
2012-10-24,170.0,-7.0
2012-10-31,159.0,-11.0
2012-11-07,161.0,2.0
2012-11-14,296.0,135.0
2012-11-21,190.0,-106.0
2012-11-28,164.0,-26.0
2012-12-05,171.0,7.0
2012-12-12,311.0,140.0
2012-12-19,184.0,-127.0
2012-12-26,175.0,-9.0
2013-01-02,154.0,-21.0
2013-01-09,158.0,4.0
2013-01-16,178.0,20.0
2013-01-23,182.0,4.0
2013-01-30,164.0,-18.0
2013-02-06,150.0,-14.0
2013-02-13,173.0,23.0
2013-02-20,167.0,-6.0
2013-02-27,150.0,-17.0
2013-03-06,168.0,18.0
2013-03-13,202.0,34.0
2013-03-20,193.0,-9.0
2013-03-27,166.0,-27.0
2013-04-03,166.0,0.0
2013-04-10,169.0,3.0
2013-04-17,185.0,16.0
2013-04-24,171.0,-14.0
2013-05-01,169.0,-2.0
2013-05-08,173.0,4.0
2013-05-15,191.0,18.0
2013-05-22,183.0,-8.0
2013-05-29,172.0,-11.0
2013-06-05,135.0,-37.0
2013-06-12,137.0,2.0
2013-06-19,149.0,12.0
2013-06-26,132.0,-17.0
2013-07-03,135.0,3.0
2013-07-10,137.0,2.0
2013-07-17,139.0,2.0
2013-07-24,138.0,-1.0
2013-07-31,156.0,18.0
2013-08-07,157.0,1.0
2013-08-14,188.0,31.0
2013-08-21,163.0,-25.0
2013-08-28,154.0,-9.0
2013-09-04,161.0,7.0
2013-09-11,162.0,1.0
2013-09-18,166.0,4.0
2013-09-25,164.0,-2.0
2013-10-02,179.0,15.0
2013-10-09,181.0,2.0
2013-10-16,196.0,15.0
2013-10-23,186.0,-10.0
2013-10-30,179.0,-7.0
2013-11-06,170.0,-9.0
2013-11-13,223.0,53.0
2013-11-20,172.0,-51.0
2013-11-27,169.0,-3.0
2013-12-04,153.0,-16.0
2013-12-11,211.0,58.0
2013-12-18,150.0,-61.0
2013-12-25,147.0,-3.0
2014-01-01,138.0,-9.0
2014-01-08,140.0,2.0
2014-01-15,145.0,5.0
2014-01-22,131.0,-14.0
2014-01-29,122.0,-9.0
2014-02-05,137.0,15.0
2014-02-12,139.0,2.0
2014-02-19,152.0,13.0
2014-02-26,136.0,-16.0
2014-03-05,135.0,-1.0
2014-03-12,135.0,0.0
2014-03-19,139.0,4.0
2014-03-26,136.0,-3.0
2014-04-02,130.0,-6.0
2014-04-09,128.0,-2.0
2014-04-16,138.0,10.0
2014-04-23,126.0,-12.0
2014-04-30,130.0,4.0
2014-05-07,131.0,1.0
2014-05-14,139.0,8.0
2014-05-21,132.0,-7.0
2014-05-28,126.0,-6.0
2014-06-04,138.0,12.0
2014-06-11,141.0,3.0
2014-06-18,141.0,0.0
2014-06-25,141.0,0.0
2014-07-02,131.0,-10.0
2014-07-09,134.0,3.0
2014-07-16,135.0,1.0
2014-07-23,136.0,1.0
2014-07-30,130.0,-6.0
2014-08-06,130.0,0.0
2014-08-13,136.0,6.0
2014-08-20,132.0,-4.0
2014-08-27,126.0,-6.0
2014-09-03,140.0,14.0
2014-09-10,142.0,2.0
2014-09-17,141.0,-1.0
2014-09-24,142.0,1.0
2014-10-01,132.0,-10.0
2014-10-08,139.0,7.0
2014-10-15,146.0,7.0
2014-10-22,140.0,-6.0
2014-10-29,142.0,2.0
2014-11-05,139.0,-3.0
2014-11-12,142.0,3.0
2014-11-19,142.0,0.0
2014-11-26,146.0,4.0
2014-12-03,134.0,-12.0
2014-12-10,136.0,2.0
2014-12-17,132.0,-4.0
2014-12-24,129.0,-3.0
2014-12-31,117.0,-12.0
2015-01-07,118.0,1.0
2015-01-14,151.0,33.0
2015-01-21,132.0,-19.0
2015-01-28,121.0,-11.0
2015-02-04,119.0,-2.0
2015-02-11,121.0,2.0
2015-02-18,121.0,0.0
2015-02-25,120.0,-1.0
2015-03-04,122.0,2.0
2015-03-11,122.0,0.0
2015-03-18,124.0,2.0
2015-03-25,123.0,-1.0
2015-04-01,128.0,5.0
2015-04-08,131.0,3.0
2015-04-15,140.0,9.0
2015-04-22,139.0,-1.0
2015-04-29,126.0,-13.0
2015-05-06,133.0,7.0
2015-05-13,166.0,33.0
2015-05-20,141.0,-25.0
2015-05-27,129.0,-12.0
2015-06-03,138.0,9.0
2015-06-10,142.0,4.0
2015-06-17,139.0,-3.0
2015-06-24,140.0,1.0
2015-07-01,126.0,-14.0
2015-07-08,134.0,8.0
2015-07-15,143.0,9.0
2015-07-22,135.0,-8.0
2015-07-29,127.0,-8.0
