Date,Values,Delta Calculations
2002-12-18,631.0, 
2002-12-25,895.0,264.0
2003-01-01,695.0,-200.0
2003-01-08,426.0,-269.0
2003-01-15,535.0,109.0
2003-01-22,893.0,358.0
2003-01-29,660.0,-233.0
2003-02-05,743.0,83.0
2003-02-12,362.0,-381.0
2003-02-19,814.0,452.0
2003-02-26,676.0,-138.0
2003-03-05,576.0,-100.0
2003-03-12,413.0,-163.0
2003-03-19,595.0,182.0
2003-03-26,382.0,-213.0
2003-04-02,518.0,136.0
2003-04-09,430.0,-88.0
2003-04-16,456.0,26.0
2003-04-23,476.0,20.0
2003-04-30,445.0,-31.0
2003-05-07,688.0,243.0
2003-05-14,436.0,-252.0
2003-05-21,377.0,-59.0
2003-05-28,547.0,170.0
2003-06-04,657.0,110.0
2003-06-11,467.0,-190.0
2003-06-18,555.0,88.0
2003-06-25,354.0,-201.0
2003-07-02,595.0,241.0
2003-07-09,507.0,-88.0
2003-07-16,458.0,-49.0
2003-07-23,394.0,-64.0
2003-07-30,413.0,19.0
2003-08-06,568.0,155.0
2003-08-13,479.0,-89.0
2003-08-20,340.0,-139.0
2003-08-27,355.0,15.0
2003-09-03,680.0,325.0
2003-09-10,445.0,-235.0
2003-09-17,494.0,49.0
2003-09-24,356.0,-138.0
2003-10-01,399.0,43.0
2003-10-08,443.0,44.0
2003-10-15,779.0,336.0
2003-10-22,580.0,-199.0
2003-10-29,394.0,-186.0
2003-11-05,478.0,84.0
2003-11-12,291.0,-187.0
2003-11-19,419.0,128.0
2003-11-26,330.0,-89.0
2003-12-03,368.0,38.0
2003-12-10,376.0,8.0
2003-12-17,525.0,149.0
2003-12-24,639.0,114.0
2003-12-31,341.0,-298.0
2004-01-07,562.0,221.0
2004-01-14,426.0,-136.0
2004-01-21,673.0,247.0
2004-01-28,483.0,-190.0
2004-02-04,436.0,-47.0
2004-02-11,341.0,-95.0
2004-02-18,662.0,321.0
2004-02-25,497.0,-165.0
2004-03-03,491.0,-6.0
2004-03-10,426.0,-65.0
2004-03-17,370.0,-56.0
2004-03-24,216.0,-154.0
2004-03-31,271.0,55.0
2004-04-07,415.0,144.0
2004-04-14,286.0,-129.0
2004-04-21,335.0,49.0
2004-04-28,321.0,-14.0
2004-05-05,436.0,115.0
2004-05-12,373.0,-63.0
2004-05-19,262.0,-111.0
2004-05-26,287.0,25.0
2004-06-02,450.0,163.0
2004-06-09,420.0,-30.0
2004-06-16,301.0,-119.0
2004-06-23,403.0,102.0
2004-06-30,361.0,-42.0
2004-07-07,425.0,64.0
2004-07-14,298.0,-127.0
2004-07-21,230.0,-68.0
2004-07-28,299.0,69.0
2004-08-04,396.0,97.0
2004-08-11,268.0,-128.0
2004-08-18,348.0,80.0
2004-08-25,399.0,51.0
2004-09-01,398.0,-1.0
2004-09-08,615.0,217.0
2004-09-15,431.0,-184.0
2004-09-22,389.0,-42.0
2004-09-29,301.0,-88.0
2004-10-06,355.0,54.0
2004-10-13,895.0,540.0
2004-10-20,756.0,-139.0
2004-10-27,467.0,-289.0
2004-11-03,510.0,43.0
2004-11-10,470.0,-40.0
2004-11-17,386.0,-84.0
2004-11-24,355.0,-31.0
2004-12-01,400.0,45.0
2004-12-08,508.0,108.0
2004-12-15,376.0,-132.0
2004-12-22,459.0,83.0
2004-12-29,405.0,-54.0
2005-01-05,636.0,231.0
2005-01-12,402.0,-234.0
2005-01-19,755.0,353.0
2005-01-26,300.0,-455.0
2005-02-02,362.0,62.0
2005-02-09,758.0,396.0
2005-02-16,330.0,-428.0
2005-02-23,460.0,130.0
2005-03-02,382.0,-78.0
2005-03-09,303.0,-79.0
2005-03-16,317.0,14.0
2005-03-23,365.0,48.0
2005-03-30,227.0,-138.0
2005-04-06,246.0,19.0
2005-04-13,301.0,55.0
2005-04-20,266.0,-35.0
2005-04-27,191.0,-75.0
2005-05-04,232.0,41.0
2005-05-11,250.0,18.0
2005-05-18,121.0,-129.0
2005-05-25,179.0,58.0
2005-06-01,335.0,156.0
2005-06-08,249.0,-86.0
2005-06-15,196.0,-53.0
2005-06-22,184.0,-12.0
2005-06-29,249.0,65.0
2005-07-06,383.0,134.0
2005-07-13,204.0,-179.0
2005-07-20,225.0,21.0
2005-07-27,215.0,-10.0
2005-08-03,211.0,-4.0
2005-08-10,178.0,-33.0
2005-08-17,309.0,131.0
2005-08-24,196.0,-113.0
2005-08-31,434.0,238.0
2005-09-07,448.0,14.0
2005-09-14,407.0,-41.0
2005-09-21,399.0,-8.0
2005-09-28,266.0,-133.0
2005-10-05,308.0,42.0
2005-10-12,574.0,266.0
2005-10-19,280.0,-294.0
2005-10-26,274.0,-6.0
2005-11-02,285.0,11.0
2005-11-09,320.0,35.0
2005-11-16,527.0,207.0
2005-11-23,241.0,-286.0
2005-11-30,237.0,-4.0
2005-12-07,319.0,82.0
2005-12-14,231.0,-88.0
2005-12-21,273.0,42.0
2005-12-28,289.0,16.0
2006-01-04,511.0,222.0
2006-01-11,332.0,-179.0
2006-01-18,615.0,283.0
2006-01-25,279.0,-336.0
2006-02-01,569.0,290.0
2006-02-08,406.0,-163.0
2006-02-15,242.0,-164.0
2006-02-22,401.0,159.0
2006-03-01,273.0,-128.0
2006-03-08,273.0,0.0
2006-03-15,421.0,148.0
2006-03-22,230.0,-191.0
2006-03-29,377.0,147.0
2006-04-05,292.0,-85.0
2006-04-12,231.0,-61.0
2006-04-19,-16.0,-247.0
2006-04-26,334.0,350.0
2006-05-03,253.0,-81.0
2006-05-10,215.0,-38.0
2006-05-17,261.0,46.0
2006-05-24,251.0,-10.0
2006-05-31,405.0,154.0
2006-06-07,171.0,-234.0
2006-06-14,166.0,-5.0
2006-06-21,198.0,32.0
2006-06-28,212.0,14.0
2006-07-05,260.0,48.0
2006-07-12,283.0,23.0
2006-07-19,263.0,-20.0
2006-07-26,169.0,-94.0
2006-08-02,277.0,108.0
2006-08-09,151.0,-126.0
2006-08-16,187.0,36.0
2006-08-23,167.0,-20.0
2006-08-30,220.0,53.0
2006-09-06,398.0,178.0
2006-09-13,196.0,-202.0
2006-09-20,198.0,2.0
2006-09-27,138.0,-60.0
2006-10-04,131.0,-7.0
2006-10-11,352.0,221.0
2006-10-18,220.0,-132.0
2006-10-25,122.0,-98.0
2006-11-01,292.0,170.0
2006-11-08,307.0,15.0
2006-11-15,171.0,-136.0
2006-11-22,136.0,-35.0
2006-11-29,119.0,-17.0
2006-12-06,231.0,112.0
2006-12-13,183.0,-48.0
2006-12-20,145.0,-38.0
2006-12-27,172.0,27.0
2007-01-03,216.0,44.0
2007-01-10,139.0,-77.0
2007-01-17,313.0,174.0
2007-01-24,106.0,-207.0
2007-01-31,118.0,12.0
2007-02-07,154.0,36.0
2007-02-14,219.0,65.0
2007-02-21,274.0,55.0
2007-02-28,121.0,-153.0
2007-03-07,124.0,3.0
2007-03-14,99.0,-25.0
2007-03-21,102.0,3.0
2007-03-28,143.0,41.0
2007-04-04,197.0,54.0
2007-04-11,354.0,157.0
2007-04-18,169.0,-185.0
2007-04-25,110.0,-59.0
2007-05-02,140.0,30.0
2007-05-09,109.0,-31.0
2007-05-16,82.0,-27.0
2007-05-23,549.0,467.0
2007-05-30,187.0,-362.0
2007-06-06,202.0,15.0
2007-06-13,169.0,-33.0
2007-06-20,149.0,-20.0
2007-06-27,190.0,41.0
2007-07-04,164.0,-26.0
2007-07-11,139.0,-25.0
2007-07-18,111.0,-28.0
2007-07-25,68.0,-43.0
2007-08-01,79.0,11.0
2007-08-08,100.0,21.0
2007-08-15,172.0,72.0
2007-08-22,62.0,-110.0
2007-08-29,92.0,30.0
2007-09-05,518.0,426.0
2007-09-12,711.0,193.0
2007-09-19,504.0,-207.0
2007-09-26,157.0,-347.0
2007-10-03,149.0,-8.0
2007-10-10,302.0,153.0
2007-10-17,134.0,-168.0
2007-10-24,103.0,-31.0
2007-10-31,55.0,-48.0
2007-11-07,162.0,107.0
2007-11-14,149.0,-13.0
2007-11-21,78.0,-71.0
2007-11-28,44.0,-34.0
2007-12-05,69.0,25.0
2007-12-12,66.0,-3.0
2007-12-19,108.0,42.0
2007-12-26,18.0,-90.0
2008-01-02,67.0,49.0
2008-01-09,163.0,96.0
2008-01-16,75.0,-88.0
2008-01-23,155.0,80.0
2008-01-30,29.0,-126.0
2008-02-06,45.0,16.0
2008-02-13,39.0,-6.0
2008-02-20,94.0,55.0
2008-02-27,16.0,-78.0
2008-03-05,91.0,75.0
2008-03-12,82.0,-9.0
2008-03-19,31.0,-51.0
2008-03-26,68.0,37.0
2008-04-02,3268.0,3200.0
2008-04-09,21.0,-3247.0
2008-04-16,58.0,37.0
2008-04-23,25.0,-33.0
2008-04-30,21.0,-4.0
2008-05-07,34.0,13.0
2008-05-14,38.0,4.0
2008-05-21,32.0,-6.0
2008-05-28,55.0,23.0
2008-06-04,33.0,-22.0
2008-06-11,24.0,-9.0
2008-06-18,33.0,9.0
2008-06-25,22.0,-11.0
2008-07-02,43.0,21.0
2008-07-09,31.0,-12.0
2008-07-16,30.0,-1.0
2008-07-23,24.0,-6.0
2008-07-30,100.0,76.0
2008-08-06,43.0,-57.0
2008-08-13,26.0,-17.0
2008-08-20,14.0,-12.0
2008-08-27,58.0,44.0
2008-09-03,116.0,58.0
2008-09-10,-33.0,-149.0
2008-09-17,14.0,47.0
2008-09-24,18.0,4.0
2008-10-01,22.0,4.0
2008-10-08,21.0,-1.0
2008-10-15,65.0,44.0
2008-10-22,16.0,-49.0
2008-10-29,9.0,-7.0
2008-11-05,10.0,1.0
2008-11-12,31.0,21.0
2008-11-19,13.0,-18.0
2008-11-26,19.0,6.0
2008-12-03,18.0,-1.0
2008-12-10,26.0,8.0
2008-12-17,9.0,-17.0
2008-12-24,39.0,30.0
2008-12-31,17.0,-22.0
2009-01-07,15.0,-2.0
2009-01-14,-68.0,-83.0
2009-01-21,44.0,112.0
2009-01-28,14.0,-30.0
2009-02-04,15.0,1.0
2009-02-11,12.0,-3.0
2009-02-18,34.0,22.0
2009-02-25,119.0,85.0
2009-03-04,46.0,-73.0
2009-03-11,26.0,-20.0
2009-03-18,26.0,0.0
2009-03-25,23.0,-3.0
2009-04-01,36.0,13.0
2009-04-08,53.0,17.0
2009-04-15,140.0,87.0
2009-04-22,126.0,-14.0
2009-04-29,54.0,-72.0
2009-05-06,220.0,166.0
2009-05-13,170.0,-50.0
2009-05-20,69.0,-101.0
2009-05-27,341.0,272.0
2009-06-03,451.0,110.0
2009-06-10,97.0,-354.0
2009-06-17,67.0,-30.0
2009-06-24,49.0,-18.0
2009-07-01,194.0,145.0
2009-07-08,53.0,-141.0
2009-07-15,138.0,85.0
2009-07-22,11.0,-127.0
2009-07-29,51.0,40.0
2009-08-05,62.0,11.0
2009-08-12,38.0,-24.0
2009-08-19,68.0,30.0
2009-08-26,32.0,-36.0
2009-09-02,23.0,-9.0
2009-09-09,80.0,57.0
2009-09-16,34.0,-46.0
2009-09-23,43.0,9.0
2009-09-30,44.0,1.0
2009-10-07,91.0,47.0
2009-10-14,193.0,102.0
2009-10-21,65.0,-128.0
2009-10-28,30.0,-35.0
2009-11-04,28.0,-2.0
2009-11-11,38.0,10.0
2009-11-18,30.0,-8.0
2009-11-25,42.0,12.0
2009-12-02,30.0,-12.0
2009-12-09,58.0,28.0
2009-12-16,39.0,-19.0
2009-12-23,22.0,-17.0
2009-12-30,33.0,11.0
2010-01-06,41.0,8.0
2010-01-13,26.0,-15.0
2010-01-20,61.0,35.0
2010-01-27,7.0,-54.0
2010-02-03,9.0,2.0
2010-02-10,7.0,-2.0
2010-02-17,15.0,8.0
2010-02-24,5.0,-10.0
2010-03-03,5.0,0.0
2010-03-10,4.0,-1.0
2010-03-17,8.0,4.0
2010-03-24,3.0,-5.0
2010-03-31,4.0,1.0
2010-04-07,6.0,2.0
2010-04-14,4.0,-2.0
2010-04-21,11.0,7.0
2010-04-28,4.0,-7.0
2010-05-05,5.0,1.0
2010-05-12,2.0,-3.0
2010-05-19,4.0,2.0
2010-05-26,6.0,2.0
2010-06-02,6.0,0.0
2010-06-09,3.0,-3.0
2010-06-16,2.0,-1.0
2010-06-23,3.0,1.0
2010-06-30,6.0,3.0
2010-07-07,11.0,5.0
2010-07-14,8.0,-3.0
2010-07-21,33.0,25.0
2010-07-28,16.0,-17.0
2010-08-04,17.0,1.0
2010-08-11,18.0,1.0
2010-08-18,18.0,0.0
2010-08-25,19.0,1.0
2010-09-01,28.0,9.0
2010-09-08,24.0,-4.0
2010-09-15,21.0,-3.0
2010-09-22,15.0,-6.0
2010-09-29,40.0,25.0
2010-10-06,22.0,-18.0
2010-10-13,21.0,-1.0
2010-10-20,17.0,-4.0
2010-10-27,19.0,2.0
2010-11-03,18.0,-1.0
2010-11-10,14.0,-4.0
2010-11-17,21.0,7.0
2010-11-24,15.0,-6.0
2010-12-01,14.0,-1.0
2010-12-08,11.0,-3.0
2010-12-15,16.0,5.0
2010-12-22,19.0,3.0
2010-12-29,14.0,-5.0
2011-01-05,-34.0,-48.0
2011-01-12,10.0,44.0
2011-01-19,17.0,7.0
2011-01-26,70.0,53.0
2011-02-02,7.0,-63.0
2011-02-09,9.0,2.0
2011-02-16,9.0,0.0
2011-02-23,10.0,1.0
2011-03-02,11.0,1.0
2011-03-09,9.0,-2.0
2011-03-16,10.0,1.0
2011-03-23,11.0,1.0
2011-03-30,7.0,-4.0
2011-04-06,8.0,1.0
2011-04-13,11.0,3.0
2011-04-20,11.0,0.0
2011-04-27,12.0,1.0
2011-05-04,9.0,-3.0
2011-05-11,7.0,-2.0
2011-05-18,8.0,1.0
2011-05-25,8.0,0.0
2011-06-01,17.0,9.0
2011-06-08,9.0,-8.0
2011-06-15,10.0,1.0
2011-06-22,7.0,-3.0
2011-06-29,6.0,-1.0
2011-07-06,11.0,5.0
2011-07-13,6.0,-5.0
2011-07-20,6.0,0.0
2011-07-27,6.0,0.0
2011-08-03,5.0,-1.0
2011-08-10,6.0,1.0
2011-08-17,5.0,-1.0
2011-08-24,9.0,4.0
2011-08-31,6.0,-3.0
2011-09-07,8.0,2.0
2011-09-14,7.0,-1.0
2011-09-21,26.0,19.0
2011-09-28,5.0,-21.0
2011-10-05,7.0,2.0
2011-10-12,8.0,1.0
2011-10-19,6.0,-2.0
2011-10-26,4.0,-2.0
2011-11-02,5.0,1.0
2011-11-09,7.0,2.0
2011-11-16,7.0,0.0
2011-11-23,5.0,-2.0
2011-11-30,7.0,2.0
2011-12-07,6.0,-1.0
2011-12-14,6.0,0.0
2011-12-21,5.0,-1.0
2011-12-28,6.0,1.0
2012-01-04,11.0,5.0
2012-01-11,6.0,-5.0
2012-01-18,8.0,2.0
2012-01-25,6.0,-2.0
2012-02-01,4.0,-2.0
2012-02-08,6.0,2.0
2012-02-15,5.0,-1.0
2012-02-22,8.0,3.0
2012-02-29,5.0,-3.0
2012-03-07,5.0,0.0
2012-03-14,5.0,0.0
2012-03-21,4.0,-1.0
2012-03-28,4.0,0.0
2012-04-04,5.0,1.0
2012-04-11,5.0,0.0
2012-04-18,6.0,1.0
2012-04-25,4.0,-2.0
2012-05-02,9.0,5.0
2012-05-09,6.0,-3.0
2012-05-16,10.0,4.0
2012-05-23,5.0,-5.0
2012-05-30,7.0,2.0
2012-06-06,7.0,0.0
2012-06-13,7.0,0.0
2012-06-20,6.0,-1.0
2012-06-27,6.0,0.0
2012-07-04,16.0,10.0
2012-07-11,6.0,-10.0
2012-07-18,6.0,0.0
2012-07-25,6.0,0.0
2012-08-01,4.0,-2.0
2012-08-08,5.0,1.0
2012-08-15,4.0,-1.0
2012-08-22,4.0,0.0
2012-08-29,3.0,-1.0
2012-09-05,4.0,1.0
2012-09-12,5.0,1.0
2012-09-19,4.0,-1.0
2012-09-26,4.0,0.0
2012-10-03,4.0,0.0
2012-10-10,12.0,8.0
2012-10-17,4.0,-8.0
2012-10-24,3.0,-1.0
2012-10-31,1.0,-2.0
2012-11-07,0.0,-1.0
2012-11-14,1.0,1.0
2012-11-21,1.0,0.0
2012-11-28,1.0,0.0
2012-12-05,1.0,0.0
2012-12-12,1.0,0.0
2012-12-19,1.0,0.0
2012-12-26,1.0,0.0
2013-01-02,1.0,0.0
2013-01-09,1.0,0.0
2013-01-16,0.0,-1.0
2013-01-23,0.0,0.0
2013-01-30,0.0,0.0
2013-02-06,0.0,0.0
2013-02-13,0.0,0.0
2013-02-20,0.0,0.0
2013-02-27,0.0,0.0
2013-03-06,0.0,0.0
2013-03-13,0.0,0.0
2013-03-20,0.0,0.0
2013-03-27,0.0,0.0
2013-04-03,0.0,0.0
2013-04-10,0.0,0.0
2013-04-17,0.0,0.0
2013-04-24,0.0,0.0
2013-05-01,0.0,0.0
2013-05-08,0.0,0.0
2013-05-15,0.0,0.0
2013-05-22,0.0,0.0
2013-05-29,0.0,0.0
2013-06-05,0.0,0.0
2013-06-12,0.0,0.0
2013-06-19,0.0,0.0
2013-06-26,0.0,0.0
2013-07-03,0.0,0.0
2013-07-10,0.0,0.0
2013-07-17,0.0,0.0
2013-07-24,0.0,0.0
2013-07-31,0.0,0.0
2013-08-07,0.0,0.0
2013-08-14,0.0,0.0
2013-08-21,0.0,0.0
2013-08-28,0.0,0.0
2013-09-04,0.0,0.0
2013-09-11,0.0,0.0
2013-09-18,0.0,0.0
2013-09-25,0.0,0.0
2013-10-02,0.0,0.0
2013-10-09,0.0,0.0
2013-10-16,0.0,0.0
2013-10-23,0.0,0.0
2013-10-30,0.0,0.0
2013-11-06,0.0,0.0
2013-11-13,0.0,0.0
2013-11-20,0.0,0.0
2013-11-27,0.0,0.0
2013-12-04,0.0,0.0
2013-12-11,0.0,0.0
2013-12-18,0.0,0.0
2013-12-25,0.0,0.0
2014-01-01,0.0,0.0
2014-01-08,0.0,0.0
2014-01-15,0.0,0.0
2014-01-22,0.0,0.0
2014-01-29,0.0,0.0
2014-02-05,0.0,0.0
2014-02-12,0.0,0.0
2014-02-19,0.0,0.0
2014-02-26,0.0,0.0
2014-03-05,0.0,0.0
2014-03-12,0.0,0.0
2014-03-19,0.0,0.0
2014-03-26,0.0,0.0
2014-04-02,0.0,0.0
2014-04-09,0.0,0.0
2014-04-16,0.0,0.0
2014-04-23,0.0,0.0
2014-04-30,0.0,0.0
2014-05-07,0.0,0.0
2014-05-14,0.0,0.0
2014-05-21,0.0,0.0
2014-05-28,0.0,0.0
2014-06-04,0.0,0.0
2014-06-11,0.0,0.0
2014-06-18,0.0,0.0
2014-06-25,0.0,0.0
2014-07-02,0.0,0.0
2014-07-09,0.0,0.0
2014-07-16,0.0,0.0
2014-07-23,0.0,0.0
2014-07-30,0.0,0.0
2014-08-06,0.0,0.0
2014-08-13,0.0,0.0
2014-08-20,0.0,0.0
2014-08-27,0.0,0.0
2014-09-03,0.0,0.0
2014-09-10,0.0,0.0
2014-09-17,0.0,0.0
2014-09-24,0.0,0.0
2014-10-01,0.0,0.0
2014-10-08,0.0,0.0
2014-10-15,0.0,0.0
2014-10-22,0.0,0.0
2014-10-29,0.0,0.0
2014-11-05,0.0,0.0
2014-11-12,0.0,0.0
2014-11-19,0.0,0.0
2014-11-26,0.0,0.0
2014-12-03,0.0,0.0
2014-12-10,0.0,0.0
2014-12-17,0.0,0.0
2014-12-24,0.0,0.0
2014-12-31,0.0,0.0
2015-01-07,0.0,0.0
2015-01-14,0.0,0.0
2015-01-21,0.0,0.0
2015-01-28,0.0,0.0
2015-02-04,0.0,0.0
2015-02-11,0.0,0.0
2015-02-18,0.0,0.0
2015-02-25,0.0,0.0
2015-03-04,0.0,0.0
2015-03-11,0.0,0.0
2015-03-18,0.0,0.0
2015-03-25,0.0,0.0
2015-04-01,0.0,0.0
2015-04-08,0.0,0.0
2015-04-15,0.0,0.0
2015-04-22,0.0,0.0
2015-04-29,0.0,0.0
2015-05-06,0.0,0.0
2015-05-13,0.0,0.0
2015-05-20,0.0,0.0
2015-05-27,0.0,0.0
2015-06-03,0.0,0.0
2015-06-10,0.0,0.0
2015-06-17,0.0,0.0
2015-06-24,0.0,0.0
2015-07-01,0.0,0.0
2015-07-08,0.0,0.0
2015-07-15,0.0,0.0
2015-07-22,0.0,0.0
2015-07-29,0.0,0.0
