Date,Values,Delta Calculations
2002-12-18,9.0, 
2002-12-25,10.0,1.0
2003-01-01,7.0,-3.0
2003-01-08,2.0,-5.0
2003-01-15,2.0,0.0
2003-01-22,2.0,0.0
2003-01-29,2.0,0.0
2003-02-05,1.0,-1.0
2003-02-12,3.0,2.0
2003-02-19,3.0,0.0
2003-02-26,4.0,1.0
2003-03-05,5.0,1.0
2003-03-12,6.0,1.0
2003-03-19,6.0,0.0
2003-03-26,4.0,-2.0
2003-04-02,6.0,2.0
2003-04-09,7.0,1.0
2003-04-16,10.0,3.0
2003-04-23,10.0,0.0
2003-04-30,12.0,2.0
2003-05-07,20.0,8.0
2003-05-14,21.0,1.0
2003-05-21,23.0,2.0
2003-05-28,23.0,0.0
2003-06-04,17.0,-6.0
2003-06-11,18.0,1.0
2003-06-18,28.0,10.0
2003-06-25,40.0,12.0
2003-07-02,43.0,3.0
2003-07-09,46.0,3.0
2003-07-16,47.0,1.0
2003-07-23,50.0,3.0
2003-07-30,50.0,0.0
2003-08-06,52.0,2.0
2003-08-13,56.0,4.0
2003-08-20,57.0,1.0
2003-08-27,53.0,-4.0
2003-09-03,48.0,-5.0
2003-09-10,53.0,5.0
2003-09-17,56.0,3.0
2003-09-24,61.0,5.0
2003-10-01,40.0,-21.0
2003-10-08,36.0,-4.0
2003-10-15,34.0,-2.0
2003-10-22,25.0,-9.0
2003-10-29,26.0,1.0
2003-11-05,18.0,-8.0
2003-11-12,22.0,4.0
2003-11-19,19.0,-3.0
2003-11-26,8.0,-11.0
2003-12-03,6.0,-2.0
2003-12-10,7.0,1.0
2003-12-17,10.0,3.0
2003-12-24,11.0,1.0
2003-12-31,2.0,-9.0
2004-01-07,0.0,-2.0
2004-01-14,0.0,0.0
2004-01-21,3.0,3.0
2004-01-28,6.0,3.0
2004-02-04,5.0,-1.0
2004-02-11,4.0,-1.0
2004-02-18,4.0,0.0
2004-02-25,6.0,2.0
2004-03-03,3.0,-3.0
2004-03-10,4.0,1.0
2004-03-17,6.0,2.0
2004-03-24,8.0,2.0
2004-03-31,10.0,2.0
2004-04-07,13.0,3.0
2004-04-14,15.0,2.0
2004-04-21,16.0,1.0
2004-04-28,20.0,4.0
2004-05-05,28.0,8.0
2004-05-12,33.0,5.0
2004-05-19,33.0,0.0
2004-05-26,34.0,1.0
2004-06-02,38.0,4.0
2004-06-09,39.0,1.0
2004-06-16,43.0,4.0
2004-06-23,49.0,6.0
2004-06-30,52.0,3.0
2004-07-07,53.0,1.0
2004-07-14,70.0,17.0
2004-07-21,77.0,7.0
2004-07-28,84.0,7.0
2004-08-04,75.0,-9.0
2004-08-11,84.0,9.0
2004-08-18,88.0,4.0
2004-08-25,83.0,-5.0
2004-09-01,87.0,4.0
2004-09-08,85.0,-2.0
2004-09-15,85.0,0.0
2004-09-22,83.0,-2.0
2004-09-29,80.0,-3.0
2004-10-06,61.0,-19.0
2004-10-13,58.0,-3.0
2004-10-20,55.0,-3.0
2004-10-27,48.0,-7.0
2004-11-03,30.0,-18.0
2004-11-10,28.0,-2.0
2004-11-17,23.0,-5.0
2004-11-24,17.0,-6.0
2004-12-01,18.0,1.0
2004-12-08,17.0,-1.0
2004-12-15,18.0,1.0
2004-12-22,15.0,-3.0
2004-12-29,12.0,-3.0
2005-01-05,4.0,-8.0
2005-01-12,4.0,0.0
2005-01-19,4.0,0.0
2005-01-26,5.0,1.0
2005-02-02,2.0,-3.0
2005-02-09,1.0,-1.0
2005-02-16,6.0,5.0
2005-02-23,9.0,3.0
2005-03-02,11.0,2.0
2005-03-09,15.0,4.0
2005-03-16,14.0,-1.0
2005-03-23,17.0,3.0
2005-03-30,16.0,-1.0
2005-04-06,19.0,3.0
2005-04-13,21.0,2.0
2005-04-20,25.0,4.0
2005-04-27,28.0,3.0
2005-05-04,34.0,6.0
2005-05-11,32.0,-2.0
2005-05-18,32.0,0.0
2005-05-25,34.0,2.0
2005-06-01,38.0,4.0
2005-06-08,42.0,4.0
2005-06-15,44.0,2.0
2005-06-22,56.0,12.0
2005-06-29,64.0,8.0
2005-07-06,70.0,6.0
2005-07-13,76.0,6.0
2005-07-20,72.0,-4.0
2005-07-27,73.0,1.0
2005-08-03,80.0,7.0
2005-08-10,89.0,9.0
2005-08-17,90.0,1.0
2005-08-24,93.0,3.0
2005-08-31,85.0,-8.0
2005-09-07,87.0,2.0
2005-09-14,96.0,9.0
2005-09-21,103.0,7.0
2005-09-28,101.0,-2.0
2005-10-05,67.0,-34.0
2005-10-12,60.0,-7.0
2005-10-19,43.0,-17.0
2005-10-26,36.0,-7.0
2005-11-02,27.0,-9.0
2005-11-09,27.0,0.0
2005-11-16,26.0,-1.0
2005-11-23,18.0,-8.0
2005-11-30,17.0,-1.0
2005-12-07,13.0,-4.0
2005-12-14,13.0,0.0
2005-12-21,13.0,0.0
2005-12-28,17.0,4.0
2006-01-04,2.0,-15.0
2006-01-11,1.0,-1.0
2006-01-18,3.0,2.0
2006-01-25,3.0,0.0
2006-02-01,1.0,-2.0
2006-02-08,3.0,2.0
2006-02-15,4.0,1.0
2006-02-22,4.0,0.0
2006-03-01,3.0,-1.0
2006-03-08,5.0,2.0
2006-03-15,6.0,1.0
2006-03-22,6.0,0.0
2006-03-29,7.0,1.0
2006-04-05,11.0,4.0
2006-04-12,16.0,5.0
2006-04-19,18.0,2.0
2006-04-26,18.0,0.0
2006-05-03,23.0,5.0
2006-05-10,30.0,7.0
2006-05-17,31.0,1.0
2006-05-24,35.0,4.0
2006-05-31,40.0,5.0
2006-06-07,59.0,19.0
2006-06-14,64.0,5.0
2006-06-21,82.0,18.0
2006-06-28,88.0,6.0
2006-07-05,99.0,11.0
2006-07-12,112.0,13.0
2006-07-19,114.0,2.0
2006-07-26,117.0,3.0
2006-08-02,122.0,5.0
2006-08-09,122.0,0.0
2006-08-16,123.0,1.0
2006-08-23,121.0,-2.0
2006-08-30,118.0,-3.0
2006-09-06,112.0,-6.0
2006-09-13,110.0,-2.0
2006-09-20,110.0,0.0
2006-09-27,111.0,1.0
2006-10-04,81.0,-30.0
2006-10-11,73.0,-8.0
2006-10-18,64.0,-9.0
2006-10-25,61.0,-3.0
2006-11-01,38.0,-23.0
2006-11-08,37.0,-1.0
2006-11-15,34.0,-3.0
2006-11-22,25.0,-9.0
2006-11-29,22.0,-3.0
2006-12-06,20.0,-2.0
2006-12-13,23.0,3.0
2006-12-20,19.0,-4.0
2006-12-27,21.0,2.0
2007-01-03,3.0,-18.0
2007-01-10,3.0,0.0
2007-01-17,3.0,0.0
2007-01-24,4.0,1.0
2007-01-31,4.0,0.0
2007-02-07,10.0,6.0
2007-02-14,9.0,-1.0
2007-02-21,9.0,0.0
2007-02-28,7.0,-2.0
2007-03-07,9.0,2.0
2007-03-14,9.0,0.0
2007-03-21,8.0,-1.0
2007-03-28,7.0,-1.0
2007-04-04,5.0,-2.0
2007-04-11,7.0,2.0
2007-04-18,9.0,2.0
2007-04-25,10.0,1.0
2007-05-02,7.0,-3.0
2007-05-09,14.0,7.0
2007-05-16,11.0,-3.0
2007-05-23,22.0,11.0
2007-05-30,26.0,4.0
2007-06-06,25.0,-1.0
2007-06-13,32.0,7.0
2007-06-20,38.0,6.0
2007-06-27,51.0,13.0
2007-07-04,54.0,3.0
2007-07-11,64.0,10.0
2007-07-18,77.0,13.0
2007-07-25,80.0,3.0
2007-08-01,70.0,-10.0
2007-08-08,84.0,14.0
2007-08-15,86.0,2.0
2007-08-22,78.0,-8.0
2007-08-29,72.0,-6.0
2007-09-05,58.0,-14.0
2007-09-12,71.0,13.0
2007-09-19,70.0,-1.0
2007-09-26,64.0,-6.0
2007-10-03,47.0,-17.0
2007-10-10,39.0,-8.0
2007-10-17,34.0,-5.0
2007-10-24,32.0,-2.0
2007-10-31,27.0,-5.0
2007-11-07,13.0,-14.0
2007-11-14,11.0,-2.0
2007-11-21,11.0,0.0
2007-11-28,7.0,-4.0
2007-12-05,6.0,-1.0
2007-12-12,8.0,2.0
2007-12-19,7.0,-1.0
2007-12-26,3.0,-4.0
2008-01-02,0.0,-3.0
2008-01-09,0.0,0.0
2008-01-16,9.0,9.0
2008-01-23,0.0,-9.0
2008-01-30,0.0,0.0
2008-02-06,0.0,0.0
2008-02-13,0.0,0.0
2008-02-20,0.0,0.0
2008-02-27,0.0,0.0
2008-03-05,1.0,1.0
2008-03-12,3.0,2.0
2008-03-19,1.0,-2.0
2008-03-26,1.0,0.0
2008-04-02,1.0,0.0
2008-04-09,1.0,0.0
2008-04-16,3.0,2.0
2008-04-23,1.0,-2.0
2008-04-30,5.0,4.0
2008-05-07,6.0,1.0
2008-05-14,23.0,17.0
2008-05-21,25.0,2.0
2008-05-28,30.0,5.0
2008-06-04,43.0,13.0
2008-06-11,161.0,118.0
2008-06-18,181.0,20.0
2008-06-25,223.0,42.0
2008-07-02,262.0,39.0
2008-07-09,248.0,-14.0
2008-07-16,640.0,392.0
2008-07-23,635.0,-5.0
2008-07-30,685.0,50.0
2008-08-06,689.0,4.0
2008-08-13,802.0,113.0
2008-08-20,1010.0,208.0
2008-08-27,1016.0,6.0
2008-09-03,768.0,-248.0
2008-09-10,785.0,17.0
2008-09-17,930.0,145.0
2008-09-24,658.0,-272.0
2008-10-01,208.0,-450.0
2008-10-08,476.0,268.0
2008-10-15,512.0,36.0
2008-10-22,144.0,-368.0
2008-10-29,200.0,56.0
2008-11-05,126.0,-74.0
2008-11-12,366.0,240.0
2008-11-19,306.0,-60.0
2008-11-26,63.0,-243.0
2008-12-03,67.0,4.0
2008-12-10,62.0,-5.0
2008-12-17,506.0,444.0
2008-12-24,123.0,-383.0
2008-12-31,124.0,1.0
2009-01-07,177.0,53.0
2009-01-14,764.0,587.0
2009-01-21,264.0,-500.0
2009-01-28,330.0,66.0
2009-02-04,338.0,8.0
2009-02-11,309.0,-29.0
2009-02-18,312.0,3.0
2009-02-25,321.0,9.0
2009-03-04,341.0,20.0
2009-03-11,346.0,5.0
2009-03-18,340.0,-6.0
2009-03-25,325.0,-15.0
2009-04-01,236.0,-89.0
2009-04-08,237.0,1.0
2009-04-15,234.0,-3.0
2009-04-22,253.0,19.0
2009-04-29,269.0,16.0
2009-05-06,294.0,25.0
2009-05-13,249.0,-45.0
2009-05-20,246.0,-3.0
2009-05-27,187.0,-59.0
2009-06-03,176.0,-11.0
2009-06-10,194.0,18.0
2009-06-17,192.0,-2.0
2009-06-24,226.0,34.0
2009-07-01,232.0,6.0
2009-07-08,224.0,-8.0
2009-07-15,211.0,-13.0
2009-07-22,215.0,4.0
2009-07-29,192.0,-23.0
2009-08-05,169.0,-23.0
2009-08-12,169.0,0.0
2009-08-19,168.0,-1.0
2009-08-26,170.0,2.0
2009-09-02,154.0,-16.0
2009-09-09,119.0,-35.0
2009-09-16,153.0,34.0
2009-09-23,176.0,23.0
2009-09-30,160.0,-16.0
2009-10-07,125.0,-35.0
2009-10-14,123.0,-2.0
2009-10-21,74.0,-49.0
2009-10-28,131.0,57.0
2009-11-04,84.0,-47.0
2009-11-11,100.0,16.0
2009-11-18,65.0,-35.0
2009-11-25,54.0,-11.0
2009-12-02,39.0,-15.0
2009-12-09,37.0,-2.0
2009-12-16,33.0,-4.0
2009-12-23,33.0,0.0
2009-12-30,34.0,1.0
2010-01-06,21.0,-13.0
2010-01-13,11.0,-10.0
2010-01-20,35.0,24.0
2010-01-27,29.0,-6.0
2010-02-03,32.0,3.0
2010-02-10,31.0,-1.0
2010-02-17,36.0,5.0
2010-02-24,38.0,2.0
2010-03-03,33.0,-5.0
2010-03-10,19.0,-14.0
2010-03-17,13.0,-6.0
2010-03-24,18.0,5.0
2010-03-31,17.0,-1.0
2010-04-07,7.0,-10.0
2010-04-14,78.0,71.0
2010-04-21,15.0,-63.0
2010-04-28,22.0,7.0
2010-05-05,23.0,1.0
2010-05-12,16.0,-7.0
2010-05-19,22.0,6.0
2010-05-26,17.0,-5.0
2010-06-02,20.0,3.0
2010-06-09,21.0,1.0
2010-06-16,23.0,2.0
2010-06-23,26.0,3.0
2010-06-30,30.0,4.0
2010-07-07,27.0,-3.0
2010-07-14,31.0,4.0
2010-07-21,28.0,-3.0
2010-07-28,24.0,-4.0
2010-08-04,23.0,-1.0
2010-08-11,24.0,1.0
2010-08-18,26.0,2.0
2010-08-25,30.0,4.0
2010-09-01,25.0,-5.0
2010-09-08,38.0,13.0
2010-09-15,27.0,-11.0
2010-09-22,21.0,-6.0
2010-09-29,26.0,5.0
2010-10-06,21.0,-5.0
2010-10-13,21.0,0.0
2010-10-20,22.0,1.0
2010-10-27,10.0,-12.0
2010-11-03,10.0,0.0
2010-11-10,10.0,0.0
2010-11-17,12.0,2.0
2010-11-24,13.0,1.0
2010-12-01,10.0,-3.0
2010-12-08,18.0,8.0
2010-12-15,13.0,-5.0
2010-12-22,14.0,1.0
2010-12-29,18.0,4.0
2011-01-05,0.0,-18.0
2011-01-12,0.0,0.0
2011-01-19,0.0,0.0
2011-01-26,1.0,1.0
2011-02-02,6.0,5.0
2011-02-09,4.0,-2.0
2011-02-16,4.0,0.0
2011-02-23,6.0,2.0
2011-03-02,8.0,2.0
2011-03-09,4.0,-4.0
2011-03-16,4.0,0.0
2011-03-23,1.0,-3.0
2011-03-30,2.0,1.0
2011-04-06,0.0,-2.0
2011-04-13,1.0,1.0
2011-04-20,2.0,1.0
2011-04-27,4.0,2.0
2011-05-04,4.0,0.0
2011-05-11,2.0,-2.0
2011-05-18,3.0,1.0
2011-05-25,6.0,3.0
2011-06-01,8.0,2.0
2011-06-08,9.0,1.0
2011-06-15,14.0,5.0
2011-06-22,33.0,19.0
2011-06-29,32.0,-1.0
2011-07-06,30.0,-2.0
2011-07-13,27.0,-3.0
2011-07-20,30.0,3.0
2011-07-27,26.0,-4.0
2011-08-03,30.0,4.0
2011-08-10,35.0,5.0
2011-08-17,37.0,2.0
2011-08-24,37.0,0.0
2011-08-31,33.0,-4.0
2011-09-07,26.0,-7.0
2011-09-14,21.0,-5.0
2011-09-21,33.0,12.0
2011-09-28,34.0,1.0
2011-10-05,22.0,-12.0
2011-10-12,20.0,-2.0
2011-10-19,17.0,-3.0
2011-10-26,16.0,-1.0
2011-11-02,7.0,-9.0
2011-11-09,7.0,0.0
2011-11-16,4.0,-3.0
2011-11-23,2.0,-2.0
2011-11-30,1.0,-1.0
2011-12-07,12.0,11.0
2011-12-14,20.0,8.0
2011-12-21,5.0,-15.0
2011-12-28,6.0,1.0
2012-01-04,2.0,-4.0
2012-01-11,4.0,2.0
2012-01-18,1.0,-3.0
2012-01-25,8.0,7.0
2012-02-01,2.0,-6.0
2012-02-08,2.0,0.0
2012-02-15,0.0,-2.0
2012-02-22,0.0,0.0
2012-02-29,7.0,7.0
2012-03-07,0.0,-7.0
2012-03-14,0.0,0.0
2012-03-21,0.0,0.0
2012-03-28,0.0,0.0
2012-04-04,13.0,13.0
2012-04-11,1.0,-12.0
2012-04-18,1.0,0.0
2012-04-25,2.0,1.0
2012-05-02,13.0,11.0
2012-05-09,14.0,1.0
2012-05-16,16.0,2.0
2012-05-23,18.0,2.0
2012-05-30,21.0,3.0
2012-06-06,28.0,7.0
2012-06-13,37.0,9.0
2012-06-20,41.0,4.0
2012-06-27,40.0,-1.0
2012-07-04,39.0,-1.0
2012-07-11,43.0,4.0
2012-07-18,51.0,8.0
2012-07-25,53.0,2.0
2012-08-01,67.0,14.0
2012-08-08,70.0,3.0
2012-08-15,71.0,1.0
2012-08-22,72.0,1.0
2012-08-29,73.0,1.0
2012-09-05,64.0,-9.0
2012-09-12,70.0,6.0
2012-09-19,70.0,0.0
2012-09-26,64.0,-6.0
2012-10-03,41.0,-23.0
2012-10-10,32.0,-9.0
2012-10-17,21.0,-11.0
2012-10-24,19.0,-2.0
2012-10-31,23.0,4.0
2012-11-07,25.0,2.0
2012-11-14,24.0,-1.0
2012-11-21,11.0,-13.0
2012-11-28,16.0,5.0
2012-12-05,12.0,-4.0
2012-12-12,10.0,-2.0
2012-12-19,18.0,8.0
2012-12-26,23.0,5.0
2013-01-02,2.0,-21.0
2013-01-09,0.0,-2.0
2013-01-16,0.0,0.0
2013-01-23,0.0,0.0
2013-01-30,0.0,0.0
2013-02-06,0.0,0.0
2013-02-13,0.0,0.0
2013-02-20,0.0,0.0
2013-02-27,0.0,0.0
2013-03-06,0.0,0.0
2013-03-13,0.0,0.0
2013-03-20,0.0,0.0
2013-03-27,1.0,1.0
2013-04-03,0.0,-1.0
2013-04-10,46.0,46.0
2013-04-17,1.0,-45.0
2013-04-24,2.0,1.0
2013-05-01,7.0,5.0
2013-05-08,7.0,0.0
2013-05-15,14.0,7.0
2013-05-22,12.0,-2.0
2013-05-29,13.0,1.0
2013-06-05,13.0,0.0
2013-06-12,20.0,7.0
2013-06-19,23.0,3.0
2013-06-26,29.0,6.0
2013-07-03,24.0,-5.0
2013-07-10,24.0,0.0
2013-07-17,24.0,0.0
2013-07-24,30.0,6.0
2013-07-31,28.0,-2.0
2013-08-07,38.0,10.0
2013-08-14,50.0,12.0
2013-08-21,49.0,-1.0
2013-08-28,50.0,1.0
2013-09-04,46.0,-4.0
2013-09-11,50.0,4.0
2013-09-18,53.0,3.0
2013-09-25,55.0,2.0
2013-10-02,44.0,-11.0
2013-10-09,46.0,2.0
2013-10-16,48.0,2.0
2013-10-23,48.0,0.0
2013-10-30,44.0,-4.0
2013-11-06,24.0,-20.0
2013-11-13,18.0,-6.0
2013-11-20,14.0,-4.0
2013-11-27,15.0,1.0
2013-12-04,13.0,-2.0
2013-12-11,17.0,4.0
2013-12-18,20.0,3.0
2013-12-25,23.0,3.0
2014-01-01,27.0,4.0
2014-01-08,14.0,-13.0
2014-01-15,12.0,-2.0
2014-01-22,12.0,0.0
2014-01-29,13.0,1.0
2014-02-05,2.0,-11.0
2014-02-12,2.0,0.0
2014-02-19,2.0,0.0
2014-02-26,2.0,0.0
2014-03-05,1.0,-1.0
2014-03-12,5.0,4.0
2014-03-19,6.0,1.0
2014-03-26,6.0,0.0
2014-04-02,9.0,3.0
2014-04-09,9.0,0.0
2014-04-16,9.0,0.0
2014-04-23,10.0,1.0
2014-04-30,16.0,6.0
2014-05-07,53.0,37.0
2014-05-14,18.0,-35.0
2014-05-21,20.0,2.0
2014-05-28,24.0,4.0
2014-06-04,35.0,11.0
2014-06-11,35.0,0.0
2014-06-18,42.0,7.0
2014-06-25,54.0,12.0
2014-07-02,51.0,-3.0
2014-07-09,58.0,7.0
2014-07-16,73.0,15.0
2014-07-23,79.0,6.0
2014-07-30,84.0,5.0
2014-08-06,106.0,22.0
2014-08-13,102.0,-4.0
2014-08-20,120.0,18.0
2014-08-27,119.0,-1.0
2014-09-03,119.0,0.0
2014-09-10,132.0,13.0
2014-09-17,137.0,5.0
2014-09-24,145.0,8.0
2014-10-01,107.0,-38.0
2014-10-08,113.0,6.0
2014-10-15,110.0,-3.0
2014-10-22,108.0,-2.0
2014-10-29,110.0,2.0
2014-11-05,70.0,-40.0
2014-11-12,72.0,2.0
2014-11-19,74.0,2.0
2014-11-26,59.0,-15.0
2014-12-03,43.0,-16.0
2014-12-10,45.0,2.0
2014-12-17,45.0,0.0
2014-12-24,44.0,-1.0
2014-12-31,48.0,4.0
2015-01-07,5.0,-43.0
2015-01-14,2.0,-3.0
2015-01-21,7.0,5.0
2015-01-28,5.0,-2.0
2015-02-04,0.0,-5.0
2015-02-11,0.0,0.0
2015-02-18,0.0,0.0
2015-02-25,1.0,1.0
2015-03-04,2.0,1.0
2015-03-11,3.0,1.0
2015-03-18,3.0,0.0
2015-03-25,6.0,3.0
2015-04-01,10.0,4.0
2015-04-08,10.0,0.0
2015-04-15,16.0,6.0
2015-04-22,16.0,0.0
2015-04-29,21.0,5.0
2015-05-06,33.0,12.0
2015-05-13,41.0,8.0
2015-05-20,42.0,1.0
2015-05-27,44.0,2.0
2015-06-03,55.0,11.0
2015-06-10,64.0,9.0
2015-06-17,71.0,7.0
2015-06-24,71.0,0.0
2015-07-01,81.0,10.0
2015-07-08,84.0,3.0
2015-07-15,94.0,10.0
2015-07-22,103.0,9.0
2015-07-29,98.0,-5.0
