Date,Values,Delta Calculations
2003-01-15,9.0, 
2003-01-22,9.0,0.0
2003-01-29,28.0,19.0
2003-02-05,28.0,0.0
2003-02-12,21.0,-7.0
2003-02-19,21.0,0.0
2003-02-26,17.0,-4.0
2003-03-05,17.0,0.0
2003-03-12,23.0,6.0
2003-03-19,23.0,0.0
2003-03-26,3.0,-20.0
2003-04-02,3.0,0.0
2003-04-09,15.0,12.0
2003-04-16,15.0,0.0
2003-04-23,2.0,-13.0
2003-04-30,2.0,0.0
2003-05-07,3.0,1.0
2003-05-14,3.0,0.0
2003-05-21,2.0,-1.0
2003-05-28,2.0,0.0
2003-06-04,7.0,5.0
2003-06-11,7.0,0.0
2003-06-18,163.0,156.0
2003-06-25,163.0,0.0
2003-07-02,54.0,-109.0
2003-07-09,54.0,0.0
2003-07-16,5.0,-49.0
2003-07-23,5.0,0.0
2003-07-30,11.0,6.0
2003-08-06,11.0,0.0
2003-08-13,363.0,352.0
2003-08-20,363.0,0.0
2003-08-27,5.0,-358.0
2003-09-03,5.0,0.0
2003-09-10,4.0,-1.0
2003-09-17,4.0,0.0
2003-09-24,48.0,44.0
2003-10-01,48.0,0.0
2003-10-08,3.0,-45.0
2003-10-15,3.0,0.0
2003-10-22,17.0,14.0
2003-10-29,17.0,0.0
2003-11-05,43.0,26.0
2003-11-12,43.0,0.0
2003-11-19,14.0,-29.0
2003-11-26,14.0,0.0
2003-12-03,11.0,-3.0
2003-12-10,11.0,0.0
2003-12-17,19.0,8.0
2003-12-24,19.0,0.0
2003-12-31,22.0,3.0
2004-01-07,22.0,0.0
2004-01-14,126.0,104.0
2004-01-21,126.0,0.0
2004-01-28,97.0,-29.0
2004-02-04,97.0,0.0
2004-02-11,15.0,-82.0
2004-02-18,15.0,0.0
2004-02-25,20.0,5.0
2004-03-03,20.0,0.0
2004-03-10,28.0,8.0
2004-03-17,28.0,0.0
2004-03-24,19.0,-9.0
2004-03-31,19.0,0.0
2004-04-07,35.0,16.0
2004-04-14,35.0,0.0
2004-04-21,25.0,-10.0
2004-04-28,25.0,0.0
2004-05-05,11.0,-14.0
2004-05-12,11.0,0.0
2004-05-19,3.0,-8.0
2004-05-26,3.0,0.0
2004-06-02,20.0,17.0
2004-06-09,20.0,0.0
2004-06-16,44.0,24.0
2004-06-23,44.0,0.0
2004-06-30,59.0,15.0
2004-07-07,59.0,0.0
2004-07-14,40.0,-19.0
2004-07-21,40.0,0.0
2004-07-28,34.0,-6.0
2004-08-04,34.0,0.0
2004-08-11,14.0,-20.0
2004-08-18,14.0,0.0
2004-08-25,19.0,5.0
2004-09-01,19.0,0.0
2004-09-08,26.0,7.0
2004-09-15,26.0,0.0
2004-09-22,181.0,155.0
2004-09-29,181.0,0.0
2004-10-06,4.0,-177.0
2004-10-13,4.0,0.0
2004-10-20,28.0,24.0
2004-10-27,28.0,0.0
2004-11-03,7.0,-21.0
2004-11-10,7.0,0.0
2004-11-17,218.0,211.0
2004-11-24,218.0,0.0
2004-12-01,5.0,-213.0
2004-12-08,5.0,0.0
2004-12-15,12.0,7.0
2004-12-22,12.0,0.0
2004-12-29,14.0,2.0
2005-01-05,14.0,0.0
2005-01-12,40.0,26.0
2005-01-19,40.0,0.0
2005-01-26,49.0,9.0
2005-02-02,49.0,0.0
2005-02-09,16.0,-33.0
2005-02-16,16.0,0.0
2005-02-23,35.0,19.0
2005-03-02,35.0,0.0
2005-03-09,7.0,-28.0
2005-03-16,7.0,0.0
2005-03-23,9.0,2.0
2005-03-30,9.0,0.0
2005-04-06,112.0,103.0
2005-04-13,112.0,0.0
2005-04-20,6.0,-106.0
2005-04-27,6.0,0.0
2005-05-04,7.0,1.0
2005-05-11,7.0,0.0
2005-05-18,5.0,-2.0
2005-05-25,5.0,0.0
2005-06-01,7.0,2.0
2005-06-08,7.0,0.0
2005-06-15,18.0,11.0
2005-06-22,18.0,0.0
2005-06-29,279.0,261.0
2005-07-06,279.0,0.0
2005-07-13,90.0,-189.0
2005-07-20,90.0,0.0
2005-07-27,230.0,140.0
2005-08-03,230.0,0.0
2005-08-10,79.0,-151.0
2005-08-17,79.0,0.0
2005-08-24,11.0,-68.0
2005-08-31,11.0,0.0
2005-09-07,12.0,1.0
2005-09-14,12.0,0.0
2005-09-21,7.0,-5.0
2005-09-28,7.0,0.0
2005-10-05,59.0,52.0
2005-10-12,59.0,0.0
2005-10-19,25.0,-34.0
2005-10-26,25.0,0.0
2005-11-02,4.0,-21.0
2005-11-09,4.0,0.0
2005-11-16,35.0,31.0
2005-11-23,35.0,0.0
2005-11-30,12.0,-23.0
2005-12-07,12.0,0.0
2005-12-14,188.0,176.0
2005-12-21,188.0,0.0
2005-12-28,29.0,-159.0
2006-01-04,29.0,0.0
2006-01-11,154.0,125.0
2006-01-18,154.0,0.0
2006-01-25,11.0,-143.0
2006-02-01,11.0,0.0
2006-02-08,36.0,25.0
2006-02-15,36.0,0.0
2006-02-22,6.0,-30.0
2006-03-01,6.0,0.0
2006-03-08,15.0,9.0
2006-03-15,15.0,0.0
2006-03-22,193.0,178.0
2006-03-29,193.0,0.0
2006-04-05,381.0,188.0
2006-04-12,381.0,0.0
2006-04-19,16.0,-365.0
2006-04-26,16.0,0.0
2006-05-03,33.0,17.0
2006-05-10,33.0,0.0
2006-05-17,21.0,-12.0
2006-05-24,21.0,0.0
2006-05-31,19.0,-2.0
2006-06-07,19.0,0.0
2006-06-14,15.0,-4.0
2006-06-21,15.0,0.0
2006-06-28,16.0,1.0
2006-07-05,16.0,0.0
2006-07-12,14.0,-2.0
2006-07-19,14.0,0.0
2006-07-26,78.0,64.0
2006-08-02,78.0,0.0
2006-08-09,9.0,-69.0
2006-08-16,9.0,0.0
2006-08-23,30.0,21.0
2006-08-30,30.0,0.0
2006-09-06,124.0,94.0
2006-09-13,124.0,0.0
2006-09-20,21.0,-103.0
2006-09-27,21.0,0.0
2006-10-04,23.0,2.0
2006-10-11,23.0,0.0
2006-10-18,22.0,-1.0
2006-10-25,22.0,0.0
2006-11-01,33.0,11.0
2006-11-08,33.0,0.0
2006-11-15,52.0,19.0
2006-11-22,52.0,0.0
2006-11-29,56.0,4.0
2006-12-06,56.0,0.0
2006-12-13,127.0,71.0
2006-12-20,127.0,0.0
2006-12-27,122.0,-5.0
2007-01-03,122.0,0.0
2007-01-10,144.0,22.0
2007-01-17,144.0,0.0
2007-01-24,244.0,100.0
2007-01-31,244.0,0.0
2007-02-07,8.0,-236.0
2007-02-14,8.0,0.0
2007-02-21,8.0,0.0
2007-02-28,8.0,0.0
2007-03-07,7.0,-1.0
2007-03-14,7.0,0.0
2007-03-21,31.0,24.0
2007-03-28,31.0,0.0
2007-04-04,44.0,13.0
2007-04-11,44.0,0.0
2007-04-18,32.0,-12.0
2007-04-25,32.0,0.0
2007-05-02,6.0,-26.0
2007-05-09,6.0,0.0
2007-05-16,22.0,16.0
2007-05-23,22.0,0.0
2007-05-30,10.0,-12.0
2007-06-06,10.0,0.0
2007-06-13,79.0,69.0
2007-06-20,79.0,0.0
2007-06-27,12.0,-67.0
2007-07-04,12.0,0.0
2007-07-11,94.0,82.0
2007-07-18,94.0,0.0
2007-07-25,3.0,-91.0
2007-08-01,3.0,0.0
2007-08-08,6.0,3.0
2007-08-15,6.0,0.0
2007-08-22,1258.0,1252.0
2007-08-29,1258.0,0.0
2007-09-05,2018.0,760.0
2007-09-12,2018.0,0.0
2007-09-19,1134.0,-884.0
2007-09-26,1134.0,0.0
2007-10-03,70.0,-1064.0
2007-10-10,70.0,0.0
2007-10-17,134.0,64.0
2007-10-24,134.0,0.0
2007-10-31,191.0,57.0
2007-11-07,191.0,0.0
2007-11-14,479.0,288.0
2007-11-21,479.0,0.0
2007-11-28,158.0,-321.0
2007-12-05,158.0,0.0
2007-12-12,3798.0,3640.0
2007-12-19,3798.0,0.0
2007-12-26,5286.0,1488.0
2008-01-02,5286.0,0.0
2008-01-09,1371.0,-3915.0
2008-01-16,1371.0,0.0
2008-01-23,385.0,-986.0
2008-01-30,385.0,0.0
2008-02-06,101.0,-284.0
2008-02-13,101.0,0.0
2008-02-20,195.0,94.0
2008-02-27,195.0,0.0
2008-03-05,227.0,32.0
2008-03-12,227.0,0.0
2008-03-19,316.0,89.0
2008-03-26,316.0,0.0
2008-04-02,8598.0,8282.0
2008-04-09,8598.0,0.0
2008-04-16,9286.0,688.0
2008-04-23,9286.0,0.0
2008-04-30,11622.0,2336.0
2008-05-07,11622.0,0.0
2008-05-14,13976.0,2354.0
2008-05-21,13976.0,0.0
2008-05-28,15936.0,1960.0
2008-06-04,15936.0,0.0
2008-06-11,13260.0,-2676.0
2008-06-18,13260.0,0.0
2008-06-25,14782.0,1522.0
2008-07-02,14782.0,0.0
2008-07-09,13386.0,-1396.0
2008-07-16,13386.0,0.0
2008-07-23,16917.0,3531.0
2008-07-30,16917.0,0.0
2008-08-06,17535.0,618.0
2008-08-13,17535.0,0.0
2008-08-20,17991.0,456.0
2008-08-27,17991.0,0.0
2008-09-03,19386.0,1395.0
2008-09-10,19386.0,0.0
2008-09-17,30478.0,11092.0
2008-09-24,30478.0,0.0
2008-10-01,59737.0,29259.0
2008-10-08,59737.0,0.0
2008-10-15,102707.0,42970.0
2008-10-22,102707.0,0.0
2008-10-29,110970.0,8263.0
2008-11-05,110970.0,0.0
2008-11-12,93466.0,-17504.0
2008-11-19,93466.0,0.0
2008-11-26,91981.0,-1485.0
2008-12-03,91981.0,0.0
2008-12-10,89284.0,-2697.0
2008-12-17,89284.0,0.0
2008-12-24,86405.0,-2879.0
2008-12-31,86405.0,0.0
2009-01-07,78518.0,-7887.0
2009-01-14,78518.0,0.0
2009-01-21,63304.0,-15214.0
2009-01-28,63304.0,0.0
2009-02-04,66000.0,2696.0
2009-02-11,66000.0,0.0
2009-02-18,65200.0,-800.0
2009-02-25,65200.0,0.0
2009-03-04,64724.0,-476.0
2009-03-11,64724.0,0.0
2009-03-18,64233.0,-491.0
2009-03-25,64233.0,0.0
2009-04-01,54447.0,-9786.0
2009-04-08,54447.0,0.0
2009-04-15,45801.0,-8646.0
2009-04-22,45801.0,0.0
2009-04-29,42865.0,-2936.0
2009-05-06,42865.0,0.0
2009-05-13,39014.0,-3851.0
2009-05-20,39014.0,0.0
2009-05-27,40042.0,1028.0
2009-06-03,40042.0,0.0
2009-06-10,36528.0,-3514.0
2009-06-17,36528.0,0.0
2009-06-24,37503.0,975.0
2009-07-01,37503.0,0.0
2009-07-08,34712.0,-2791.0
2009-07-15,34712.0,0.0
2009-07-22,33776.0,-936.0
2009-07-29,33776.0,0.0
2009-08-05,34512.0,736.0
2009-08-12,34512.0,0.0
2009-08-19,30346.0,-4166.0
2009-08-26,30346.0,0.0
2009-09-02,31517.0,1171.0
2009-09-09,31517.0,0.0
2009-09-16,28434.0,-3083.0
2009-09-23,28434.0,0.0
2009-09-30,27938.0,-496.0
2009-10-07,27938.0,0.0
2009-10-14,25610.0,-2328.0
2009-10-21,25610.0,0.0
2009-10-28,22594.0,-3016.0
2009-11-04,22594.0,0.0
2009-11-11,20296.0,-2298.0
2009-11-18,20296.0,0.0
2009-11-25,19875.0,-421.0
2009-12-02,19875.0,0.0
2009-12-09,19222.0,-653.0
2009-12-16,19222.0,0.0
2009-12-23,18746.0,-476.0
2009-12-30,18746.0,0.0
2010-01-06,18477.0,-269.0
2010-01-13,18477.0,0.0
2010-01-20,14984.0,-3493.0
2010-01-27,14984.0,0.0
2010-02-03,14665.0,-319.0
2010-02-10,14665.0,0.0
2010-02-17,14112.0,-553.0
2010-02-24,14112.0,0.0
2010-03-03,13752.0,-360.0
2010-03-10,13752.0,0.0
2010-03-17,11120.0,-2632.0
2010-03-24,11120.0,0.0
2010-03-31,7435.0,-3685.0
2010-04-07,7435.0,0.0
2010-04-14,6499.0,-936.0
2010-04-21,6499.0,0.0
2010-04-28,5669.0,-830.0
2010-05-05,5669.0,0.0
2010-05-12,5132.0,-537.0
2010-05-19,5132.0,0.0
2010-05-26,2497.0,-2635.0
2010-06-02,2497.0,0.0
2010-06-09,105.0,-2392.0
2010-06-16,105.0,0.0
2010-06-23,157.0,52.0
2010-06-30,157.0,0.0
2010-07-07,64.0,-93.0
2010-07-14,64.0,0.0
2010-07-21,18.0,-46.0
2010-07-28,18.0,0.0
2010-08-04,25.0,7.0
2010-08-11,25.0,0.0
2010-08-18,20.0,-5.0
2010-08-25,20.0,0.0
2010-09-01,21.0,1.0
2010-09-08,21.0,0.0
2010-09-15,25.0,4.0
2010-09-22,25.0,0.0
2010-09-29,57.0,32.0
2010-10-06,57.0,0.0
2010-10-13,24.0,-33.0
2010-10-20,24.0,0.0
2010-10-27,44.0,20.0
2010-11-03,44.0,0.0
2010-11-10,19.0,-25.0
2010-11-17,19.0,0.0
2010-11-24,175.0,156.0
2010-12-01,175.0,0.0
2010-12-08,30.0,-145.0
2010-12-15,30.0,0.0
2010-12-22,40.0,10.0
2010-12-29,40.0,0.0
2011-01-05,62.0,22.0
2011-01-12,62.0,0.0
2011-01-19,43.0,-19.0
2011-01-26,43.0,0.0
2011-02-02,50.0,7.0
2011-02-09,50.0,0.0
2011-02-16,20.0,-30.0
2011-02-23,20.0,0.0
2011-03-02,13.0,-7.0
2011-03-09,13.0,0.0
2011-03-16,5.0,-8.0
2011-03-23,5.0,0.0
2011-03-30,21.0,16.0
2011-04-06,21.0,0.0
2011-04-13,13.0,-8.0
2011-04-20,13.0,0.0
2011-04-27,10.0,-3.0
2011-05-04,10.0,0.0
2011-05-11,4.0,-6.0
2011-05-18,4.0,0.0
2011-05-25,18.0,14.0
2011-06-01,18.0,0.0
2011-06-08,31.0,13.0
2011-06-15,31.0,0.0
2011-06-22,19.0,-12.0
2011-06-29,19.0,0.0
2011-07-06,10.0,-9.0
2011-07-13,10.0,0.0
2011-07-20,4.0,-6.0
2011-07-27,4.0,0.0
2011-08-03,8.0,4.0
2011-08-10,8.0,0.0
2011-08-17,4.0,-4.0
2011-08-24,4.0,0.0
2011-08-31,5.0,1.0
2011-09-07,5.0,0.0
2011-09-14,21.0,16.0
2011-09-21,21.0,0.0
2011-09-28,28.0,7.0
2011-10-05,28.0,0.0
2011-10-12,21.0,-7.0
2011-10-19,21.0,0.0
2011-10-26,14.0,-7.0
2011-11-02,14.0,0.0
2011-11-09,7.0,-7.0
2011-11-16,7.0,0.0
2011-11-23,34.0,27.0
2011-11-30,34.0,0.0
2011-12-07,203.0,169.0
2011-12-14,203.0,0.0
2011-12-21,13.0,-190.0
2011-12-28,13.0,0.0
2012-01-04,56.0,43.0
2012-01-11,56.0,0.0
2012-01-18,5.0,-51.0
2012-01-25,5.0,0.0
2012-02-01,26.0,21.0
2012-02-08,26.0,0.0
2012-02-15,6.0,-20.0
2012-02-22,6.0,0.0
2012-02-29,12.0,6.0
2012-03-07,12.0,0.0
2012-03-14,16.0,4.0
2012-03-21,16.0,0.0
2012-03-28,7.0,-9.0
2012-04-04,7.0,0.0
2012-04-11,5.0,-2.0
2012-04-18,5.0,0.0
2012-04-25,46.0,41.0
2012-05-02,46.0,0.0
2012-05-09,12.0,-34.0
2012-05-16,12.0,0.0
2012-05-23,16.0,4.0
2012-05-30,16.0,0.0
2012-06-06,12.0,-4.0
2012-06-13,12.0,0.0
2012-06-20,27.0,15.0
2012-06-27,27.0,0.0
2012-07-04,12.0,-15.0
2012-07-11,12.0,0.0
2012-07-18,41.0,29.0
2012-07-25,41.0,0.0
2012-08-01,17.0,-24.0
2012-08-08,17.0,0.0
2012-08-15,17.0,0.0
2012-08-22,17.0,0.0
2012-08-29,92.0,75.0
2012-09-05,92.0,0.0
2012-09-12,74.0,-18.0
2012-09-19,74.0,0.0
2012-09-26,33.0,-41.0
2012-10-03,33.0,0.0
2012-10-10,15.0,-18.0
2012-10-17,15.0,0.0
2012-10-24,15.0,0.0
2012-10-31,15.0,0.0
2012-11-07,11.0,-4.0
2012-11-14,11.0,0.0
2012-11-21,8.0,-3.0
2012-11-28,8.0,0.0
2012-12-05,7.0,-1.0
2012-12-12,7.0,0.0
2012-12-19,15.0,8.0
2012-12-26,15.0,0.0
2013-01-02,18.0,3.0
2013-01-09,18.0,0.0
2013-01-16,7.0,-11.0
2013-01-23,7.0,0.0
2013-01-30,12.0,5.0
2013-02-06,12.0,0.0
2013-02-13,8.0,-4.0
2013-02-20,8.0,0.0
2013-02-27,12.0,4.0
2013-03-06,12.0,0.0
2013-03-13,6.0,-6.0
2013-03-20,6.0,0.0
2013-03-27,8.0,2.0
2013-04-03,8.0,0.0
2013-04-10,6.0,-2.0
2013-04-17,6.0,0.0
2013-04-24,14.0,8.0
2013-05-01,14.0,0.0
2013-05-08,8.0,-6.0
2013-05-15,8.0,0.0
2013-05-22,17.0,9.0
2013-05-29,17.0,0.0
2013-06-05,12.0,-5.0
2013-06-12,12.0,0.0
2013-06-19,25.0,13.0
2013-06-26,25.0,0.0
2013-07-03,25.0,0.0
2013-07-10,25.0,0.0
2013-07-17,12.0,-13.0
2013-07-24,12.0,0.0
2013-07-31,9.0,-3.0
2013-08-07,9.0,0.0
2013-08-14,19.0,10.0
2013-08-21,19.0,0.0
2013-08-28,19.0,0.0
2013-09-04,19.0,0.0
2013-09-11,24.0,5.0
2013-09-18,24.0,0.0
2013-09-25,18.0,-6.0
2013-10-02,18.0,0.0
2013-10-09,9.0,-9.0
2013-10-16,9.0,0.0
2013-10-23,18.0,9.0
2013-10-30,18.0,0.0
2013-11-06,10.0,-8.0
2013-11-13,10.0,0.0
2013-11-20,7.0,-3.0
2013-11-27,7.0,0.0
2013-12-04,9.0,2.0
2013-12-11,9.0,0.0
2013-12-18,17.0,8.0
2013-12-25,17.0,0.0
2014-01-01,15.0,-2.0
2014-01-08,15.0,0.0
2014-01-15,5.0,-10.0
2014-01-22,5.0,0.0
2014-01-29,11.0,6.0
2014-02-05,11.0,0.0
2014-02-12,2.0,-9.0
2014-02-19,2.0,0.0
2014-02-26,3.0,1.0
2014-03-05,3.0,0.0
2014-03-12,7.0,4.0
2014-03-19,7.0,0.0
2014-03-26,10.0,3.0
2014-04-02,10.0,0.0
2014-04-09,3.0,-7.0
2014-04-16,3.0,0.0
2014-04-23,35.0,32.0
2014-04-30,35.0,0.0
2014-05-07,9.0,-26.0
2014-05-14,9.0,0.0
2014-05-21,15.0,6.0
2014-05-28,15.0,0.0
2014-06-04,13.0,-2.0
2014-06-11,13.0,0.0
2014-06-18,24.0,11.0
2014-06-25,24.0,0.0
2014-07-02,6.0,-18.0
2014-07-09,6.0,0.0
2014-07-16,8.0,2.0
2014-07-23,8.0,0.0
2014-07-30,23.0,15.0
2014-08-06,23.0,0.0
2014-08-13,8.0,-15.0
2014-08-20,8.0,0.0
2014-08-27,21.0,13.0
2014-09-03,21.0,0.0
2014-09-10,7.0,-14.0
2014-09-17,7.0,0.0
2014-09-24,29.0,22.0
2014-10-01,29.0,0.0
2014-10-08,5.0,-24.0
2014-10-15,5.0,0.0
2014-10-22,9.0,4.0
2014-10-29,9.0,0.0
2014-11-05,13.0,4.0
2014-11-12,13.0,0.0
2014-11-19,13.0,0.0
2014-11-26,13.0,0.0
2014-12-03,8.0,-5.0
2014-12-10,8.0,0.0
2014-12-17,20.0,12.0
2014-12-24,20.0,0.0
2014-12-31,46.0,26.0
2015-01-07,46.0,0.0
2015-01-14,57.0,11.0
2015-01-21,57.0,0.0
2015-01-28,38.0,-19.0
2015-02-04,38.0,0.0
2015-02-11,9.0,-29.0
2015-02-18,9.0,0.0
2015-02-25,9.0,0.0
2015-03-04,9.0,0.0
2015-03-11,10.0,1.0
2015-03-18,10.0,0.0
2015-03-25,15.0,5.0
2015-04-01,15.0,0.0
2015-04-08,26.0,11.0
2015-04-15,26.0,0.0
2015-04-22,23.0,-3.0
2015-04-29,23.0,0.0
2015-05-06,9.0,-14.0
2015-05-13,9.0,0.0
2015-05-20,3.0,-6.0
2015-05-27,3.0,0.0
2015-06-03,10.0,7.0
2015-06-10,10.0,0.0
2015-06-17,19.0,9.0
2015-06-24,19.0,0.0
2015-07-01,11.0,-8.0
2015-07-08,11.0,0.0
2015-07-15,2.0,-9.0
2015-07-22,2.0,0.0
