Date,Values,Delta Calculations
2002-12-18,43.0, 
2002-12-25,50.0,7.0
2003-01-01,31.0,-19.0
2003-01-08,18.0,-13.0
2003-01-15,10.0,-8.0
2003-01-22,7.0,-3.0
2003-01-29,7.0,0.0
2003-02-05,2.0,-5.0
2003-02-12,4.0,2.0
2003-02-19,4.0,0.0
2003-02-26,5.0,1.0
2003-03-05,10.0,5.0
2003-03-12,8.0,-2.0
2003-03-19,6.0,-2.0
2003-03-26,6.0,0.0
2003-04-02,13.0,7.0
2003-04-09,18.0,5.0
2003-04-16,23.0,5.0
2003-04-23,27.0,4.0
2003-04-30,35.0,8.0
2003-05-07,53.0,18.0
2003-05-14,56.0,3.0
2003-05-21,54.0,-2.0
2003-05-28,62.0,8.0
2003-06-04,58.0,-4.0
2003-06-11,64.0,6.0
2003-06-18,83.0,19.0
2003-06-25,92.0,9.0
2003-07-02,91.0,-1.0
2003-07-09,102.0,11.0
2003-07-16,113.0,11.0
2003-07-23,118.0,5.0
2003-07-30,137.0,19.0
2003-08-06,140.0,3.0
2003-08-13,148.0,8.0
2003-08-20,157.0,9.0
2003-08-27,159.0,2.0
2003-09-03,153.0,-6.0
2003-09-10,154.0,1.0
2003-09-17,162.0,8.0
2003-09-24,170.0,8.0
2003-10-01,131.0,-39.0
2003-10-08,109.0,-22.0
2003-10-15,97.0,-12.0
2003-10-22,83.0,-14.0
2003-10-29,71.0,-12.0
2003-11-05,45.0,-26.0
2003-11-12,48.0,3.0
2003-11-19,44.0,-4.0
2003-11-26,36.0,-8.0
2003-12-03,23.0,-13.0
2003-12-10,26.0,3.0
2003-12-17,35.0,9.0
2003-12-24,39.0,4.0
2003-12-31,22.0,-17.0
2004-01-07,10.0,-12.0
2004-01-14,7.0,-3.0
2004-01-21,12.0,5.0
2004-01-28,14.0,2.0
2004-02-04,10.0,-4.0
2004-02-11,10.0,0.0
2004-02-18,14.0,4.0
2004-02-25,19.0,5.0
2004-03-03,22.0,3.0
2004-03-10,19.0,-3.0
2004-03-17,36.0,17.0
2004-03-24,42.0,6.0
2004-03-31,33.0,-9.0
2004-04-07,47.0,14.0
2004-04-14,56.0,9.0
2004-04-21,65.0,9.0
2004-04-28,77.0,12.0
2004-05-05,89.0,12.0
2004-05-12,96.0,7.0
2004-05-19,110.0,14.0
2004-05-26,117.0,7.0
2004-06-02,127.0,10.0
2004-06-09,125.0,-2.0
2004-06-16,139.0,14.0
2004-06-23,157.0,18.0
2004-06-30,169.0,12.0
2004-07-07,172.0,3.0
2004-07-14,209.0,37.0
2004-07-21,226.0,17.0
2004-07-28,239.0,13.0
2004-08-04,225.0,-14.0
2004-08-11,227.0,2.0
2004-08-18,234.0,7.0
2004-08-25,230.0,-4.0
2004-09-01,239.0,9.0
2004-09-08,234.0,-5.0
2004-09-15,246.0,12.0
2004-09-22,240.0,-6.0
2004-09-29,245.0,5.0
2004-10-06,194.0,-51.0
2004-10-13,184.0,-10.0
2004-10-20,154.0,-30.0
2004-10-27,140.0,-14.0
2004-11-03,81.0,-59.0
2004-11-10,77.0,-4.0
2004-11-17,77.0,0.0
2004-11-24,71.0,-6.0
2004-12-01,54.0,-17.0
2004-12-08,51.0,-3.0
2004-12-15,55.0,4.0
2004-12-22,55.0,0.0
2004-12-29,44.0,-11.0
2005-01-05,23.0,-21.0
2005-01-12,23.0,0.0
2005-01-19,19.0,-4.0
2005-01-26,26.0,7.0
2005-02-02,12.0,-14.0
2005-02-09,13.0,1.0
2005-02-16,19.0,6.0
2005-02-23,19.0,0.0
2005-03-02,20.0,1.0
2005-03-09,31.0,11.0
2005-03-16,38.0,7.0
2005-03-23,43.0,5.0
2005-03-30,52.0,9.0
2005-04-06,63.0,11.0
2005-04-13,76.0,13.0
2005-04-20,88.0,12.0
2005-04-27,101.0,13.0
2005-05-04,121.0,20.0
2005-05-11,138.0,17.0
2005-05-18,138.0,0.0
2005-05-25,146.0,8.0
2005-06-01,143.0,-3.0
2005-06-08,149.0,6.0
2005-06-15,151.0,2.0
2005-06-22,176.0,25.0
2005-06-29,218.0,42.0
2005-07-06,221.0,3.0
2005-07-13,228.0,7.0
2005-07-20,251.0,23.0
2005-07-27,266.0,15.0
2005-08-03,267.0,1.0
2005-08-10,283.0,16.0
2005-08-17,310.0,27.0
2005-08-24,334.0,24.0
2005-08-31,314.0,-20.0
2005-09-07,305.0,-9.0
2005-09-14,321.0,16.0
2005-09-21,329.0,8.0
2005-09-28,336.0,7.0
2005-10-05,276.0,-60.0
2005-10-12,242.0,-34.0
2005-10-19,202.0,-40.0
2005-10-26,168.0,-34.0
2005-11-02,128.0,-40.0
2005-11-09,118.0,-10.0
2005-11-16,100.0,-18.0
2005-11-23,97.0,-3.0
2005-11-30,81.0,-16.0
2005-12-07,68.0,-13.0
2005-12-14,77.0,9.0
2005-12-21,72.0,-5.0
2005-12-28,73.0,1.0
2006-01-04,29.0,-44.0
2006-01-11,24.0,-5.0
2006-01-18,31.0,7.0
2006-01-25,28.0,-3.0
2006-02-01,25.0,-3.0
2006-02-08,31.0,6.0
2006-02-15,33.0,2.0
2006-02-22,30.0,-3.0
2006-03-01,34.0,4.0
2006-03-08,43.0,9.0
2006-03-15,48.0,5.0
2006-03-22,53.0,5.0
2006-03-29,58.0,5.0
2006-04-05,64.0,6.0
2006-04-12,79.0,15.0
2006-04-19,80.0,1.0
2006-04-26,105.0,25.0
2006-05-03,130.0,25.0
2006-05-10,137.0,7.0
2006-05-17,157.0,20.0
2006-05-24,161.0,4.0
2006-05-31,187.0,26.0
2006-06-07,216.0,29.0
2006-06-14,233.0,17.0
2006-06-21,260.0,27.0
2006-06-28,289.0,29.0
2006-07-05,276.0,-13.0
2006-07-12,304.0,28.0
2006-07-19,321.0,17.0
2006-07-26,346.0,25.0
2006-08-02,337.0,-9.0
2006-08-09,336.0,-1.0
2006-08-16,342.0,6.0
2006-08-23,357.0,15.0
2006-08-30,361.0,4.0
2006-09-06,341.0,-20.0
2006-09-13,346.0,5.0
2006-09-20,352.0,6.0
2006-09-27,355.0,3.0
2006-10-04,266.0,-89.0
2006-10-11,221.0,-45.0
2006-10-18,187.0,-34.0
2006-10-25,166.0,-21.0
2006-11-01,139.0,-27.0
2006-11-08,122.0,-17.0
2006-11-15,117.0,-5.0
2006-11-22,96.0,-21.0
2006-11-29,102.0,6.0
2006-12-06,84.0,-18.0
2006-12-13,84.0,0.0
2006-12-20,85.0,1.0
2006-12-27,81.0,-4.0
2007-01-03,23.0,-58.0
2007-01-10,19.0,-4.0
2007-01-17,21.0,2.0
2007-01-24,21.0,0.0
2007-01-31,18.0,-3.0
2007-02-07,23.0,5.0
2007-02-14,24.0,1.0
2007-02-21,23.0,-1.0
2007-02-28,22.0,-1.0
2007-03-07,27.0,5.0
2007-03-14,27.0,0.0
2007-03-21,29.0,2.0
2007-03-28,28.0,-1.0
2007-04-04,31.0,3.0
2007-04-11,48.0,17.0
2007-04-18,51.0,3.0
2007-04-25,56.0,5.0
2007-05-02,73.0,17.0
2007-05-09,75.0,2.0
2007-05-16,86.0,11.0
2007-05-23,118.0,32.0
2007-05-30,120.0,2.0
2007-06-06,111.0,-9.0
2007-06-13,142.0,31.0
2007-06-20,162.0,20.0
2007-06-27,182.0,20.0
2007-07-04,181.0,-1.0
2007-07-11,205.0,24.0
2007-07-18,234.0,29.0
2007-07-25,243.0,9.0
2007-08-01,233.0,-10.0
2007-08-08,255.0,22.0
2007-08-15,260.0,5.0
2007-08-22,261.0,1.0
2007-08-29,257.0,-4.0
2007-09-05,232.0,-25.0
2007-09-12,234.0,2.0
2007-09-19,244.0,10.0
2007-09-26,207.0,-37.0
2007-10-03,153.0,-54.0
2007-10-10,133.0,-20.0
2007-10-17,98.0,-35.0
2007-10-24,98.0,0.0
2007-10-31,82.0,-16.0
2007-11-07,44.0,-38.0
2007-11-14,49.0,5.0
2007-11-21,45.0,-4.0
2007-11-28,46.0,1.0
2007-12-05,38.0,-8.0
2007-12-12,33.0,-5.0
2007-12-19,31.0,-2.0
2007-12-26,22.0,-9.0
2008-01-02,5.0,-17.0
2008-01-09,5.0,0.0
2008-01-16,10.0,5.0
2008-01-23,6.0,-4.0
2008-01-30,3.0,-3.0
2008-02-06,1.0,-2.0
2008-02-13,1.0,0.0
2008-02-20,3.0,2.0
2008-02-27,4.0,1.0
2008-03-05,3.0,-1.0
2008-03-12,5.0,2.0
2008-03-19,6.0,1.0
2008-03-26,6.0,0.0
2008-04-02,12.0,6.0
2008-04-09,16.0,4.0
2008-04-16,22.0,6.0
2008-04-23,25.0,3.0
2008-04-30,24.0,-1.0
2008-05-07,40.0,16.0
2008-05-14,38.0,-2.0
2008-05-21,52.0,14.0
2008-05-28,56.0,4.0
2008-06-04,77.0,21.0
2008-06-11,67.0,-10.0
2008-06-18,77.0,10.0
2008-06-25,76.0,-1.0
2008-07-02,105.0,29.0
2008-07-09,97.0,-8.0
2008-07-16,94.0,-3.0
2008-07-23,94.0,0.0
2008-07-30,98.0,4.0
2008-08-06,97.0,-1.0
2008-08-13,99.0,2.0
2008-08-20,94.0,-5.0
2008-08-27,102.0,8.0
2008-09-03,90.0,-12.0
2008-09-10,101.0,11.0
2008-09-17,95.0,-6.0
2008-09-24,101.0,6.0
2008-10-01,42.0,-59.0
2008-10-08,33.0,-9.0
2008-10-15,24.0,-9.0
2008-10-22,14.0,-10.0
2008-10-29,16.0,2.0
2008-11-05,9.0,-7.0
2008-11-12,12.0,3.0
2008-11-19,8.0,-4.0
2008-11-26,6.0,-2.0
2008-12-03,3.0,-3.0
2008-12-10,2.0,-1.0
2008-12-17,0.0,-2.0
2008-12-24,3.0,3.0
2008-12-31,7.0,4.0
2009-01-07,0.0,-7.0
2009-01-14,0.0,0.0
2009-01-21,1.0,1.0
2009-01-28,1.0,0.0
2009-02-04,4.0,3.0
2009-02-11,4.0,0.0
2009-02-18,2.0,-2.0
2009-02-25,3.0,1.0
2009-03-04,2.0,-1.0
2009-03-11,2.0,0.0
2009-03-18,3.0,1.0
2009-03-25,4.0,1.0
2009-04-01,3.0,-1.0
2009-04-08,3.0,0.0
2009-04-15,2.0,-1.0
2009-04-22,1.0,-1.0
2009-04-29,1.0,0.0
2009-05-06,3.0,2.0
2009-05-13,11.0,8.0
2009-05-20,11.0,0.0
2009-05-27,14.0,3.0
2009-06-03,15.0,1.0
2009-06-10,14.0,-1.0
2009-06-17,28.0,14.0
2009-06-24,50.0,22.0
2009-07-01,74.0,24.0
2009-07-08,69.0,-5.0
2009-07-15,82.0,13.0
2009-07-22,90.0,8.0
2009-07-29,94.0,4.0
2009-08-05,99.0,5.0
2009-08-12,110.0,11.0
2009-08-19,123.0,13.0
2009-08-26,119.0,-4.0
2009-09-02,109.0,-10.0
2009-09-09,107.0,-2.0
2009-09-16,118.0,11.0
2009-09-23,125.0,7.0
2009-09-30,111.0,-14.0
2009-10-07,87.0,-24.0
2009-10-14,87.0,0.0
2009-10-21,74.0,-13.0
2009-10-28,78.0,4.0
2009-11-04,60.0,-18.0
2009-11-11,77.0,17.0
2009-11-18,78.0,1.0
2009-11-25,58.0,-20.0
2009-12-02,33.0,-25.0
2009-12-09,34.0,1.0
2009-12-16,38.0,4.0
2009-12-23,36.0,-2.0
2009-12-30,44.0,8.0
2010-01-06,0.0,-44.0
2010-01-13,0.0,0.0
2010-01-20,0.0,0.0
2010-01-27,1.0,1.0
2010-02-03,2.0,1.0
2010-02-10,0.0,-2.0
2010-02-17,0.0,0.0
2010-02-24,2.0,2.0
2010-03-03,9.0,7.0
2010-03-10,10.0,1.0
2010-03-17,9.0,-1.0
2010-03-24,5.0,-4.0
2010-03-31,5.0,0.0
2010-04-07,15.0,10.0
2010-04-14,24.0,9.0
2010-04-21,27.0,3.0
2010-04-28,34.0,7.0
2010-05-05,37.0,3.0
2010-05-12,44.0,7.0
2010-05-19,47.0,3.0
2010-05-26,43.0,-4.0
2010-06-02,42.0,-1.0
2010-06-09,46.0,4.0
2010-06-16,68.0,22.0
2010-06-23,69.0,1.0
2010-06-30,61.0,-8.0
2010-07-07,70.0,9.0
2010-07-14,83.0,13.0
2010-07-21,80.0,-3.0
2010-07-28,80.0,0.0
2010-08-04,83.0,3.0
2010-08-11,80.0,-3.0
2010-08-18,89.0,9.0
2010-08-25,90.0,1.0
2010-09-01,85.0,-5.0
2010-09-08,77.0,-8.0
2010-09-15,80.0,3.0
2010-09-22,78.0,-2.0
2010-09-29,77.0,-1.0
2010-10-06,61.0,-16.0
2010-10-13,52.0,-9.0
2010-10-20,39.0,-13.0
2010-10-27,29.0,-10.0
2010-11-03,20.0,-9.0
2010-11-10,19.0,-1.0
2010-11-17,22.0,3.0
2010-11-24,26.0,4.0
2010-12-01,26.0,0.0
2010-12-08,27.0,1.0
2010-12-15,29.0,2.0
2010-12-22,26.0,-3.0
2010-12-29,23.0,-3.0
2011-01-05,10.0,-13.0
2011-01-12,10.0,0.0
2011-01-19,10.0,0.0
2011-01-26,10.0,0.0
2011-02-02,0.0,-10.0
2011-02-09,0.0,0.0
2011-02-16,0.0,0.0
2011-02-23,4.0,4.0
2011-03-02,8.0,4.0
2011-03-09,8.0,0.0
2011-03-16,9.0,1.0
2011-03-23,6.0,-3.0
2011-03-30,5.0,-1.0
2011-04-06,5.0,0.0
2011-04-13,7.0,2.0
2011-04-20,11.0,4.0
2011-04-27,12.0,1.0
2011-05-04,14.0,2.0
2011-05-11,20.0,6.0
2011-05-18,17.0,-3.0
2011-05-25,26.0,9.0
2011-06-01,32.0,6.0
2011-06-08,37.0,5.0
2011-06-15,39.0,2.0
2011-06-22,48.0,9.0
2011-06-29,58.0,10.0
2011-07-06,58.0,0.0
2011-07-13,73.0,15.0
2011-07-20,83.0,10.0
2011-07-27,81.0,-2.0
2011-08-03,88.0,7.0
2011-08-10,98.0,10.0
2011-08-17,99.0,1.0
2011-08-24,107.0,8.0
2011-08-31,93.0,-14.0
2011-09-07,64.0,-29.0
2011-09-14,76.0,12.0
2011-09-21,88.0,12.0
2011-09-28,92.0,4.0
2011-10-05,63.0,-29.0
2011-10-12,56.0,-7.0
2011-10-19,40.0,-16.0
2011-10-26,38.0,-2.0
2011-11-02,24.0,-14.0
2011-11-09,24.0,0.0
2011-11-16,17.0,-7.0
2011-11-23,16.0,-1.0
2011-11-30,18.0,2.0
2011-12-07,22.0,4.0
2011-12-14,24.0,2.0
2011-12-21,26.0,2.0
2011-12-28,28.0,2.0
2012-01-04,10.0,-18.0
2012-01-11,1.0,-9.0
2012-01-18,3.0,2.0
2012-01-25,7.0,4.0
2012-02-01,2.0,-5.0
2012-02-08,2.0,0.0
2012-02-15,0.0,-2.0
2012-02-22,0.0,0.0
2012-02-29,0.0,0.0
2012-03-07,4.0,4.0
2012-03-14,5.0,1.0
2012-03-21,7.0,2.0
2012-03-28,3.0,-4.0
2012-04-04,7.0,4.0
2012-04-11,9.0,2.0
2012-04-18,10.0,1.0
2012-04-25,12.0,2.0
2012-05-02,24.0,12.0
2012-05-09,28.0,4.0
2012-05-16,25.0,-3.0
2012-05-23,32.0,7.0
2012-05-30,30.0,-2.0
2012-06-06,39.0,9.0
2012-06-13,51.0,12.0
2012-06-20,66.0,15.0
2012-06-27,66.0,0.0
2012-07-04,74.0,8.0
2012-07-11,81.0,7.0
2012-07-18,107.0,26.0
2012-07-25,121.0,14.0
2012-08-01,131.0,10.0
2012-08-08,139.0,8.0
2012-08-15,146.0,7.0
2012-08-22,143.0,-3.0
2012-08-29,146.0,3.0
2012-09-05,121.0,-25.0
2012-09-12,118.0,-3.0
2012-09-19,116.0,-2.0
2012-09-26,124.0,8.0
2012-10-03,89.0,-35.0
2012-10-10,76.0,-13.0
2012-10-17,52.0,-24.0
2012-10-24,46.0,-6.0
2012-10-31,48.0,2.0
2012-11-07,48.0,0.0
2012-11-14,39.0,-9.0
2012-11-21,23.0,-16.0
2012-11-28,26.0,3.0
2012-12-05,20.0,-6.0
2012-12-12,19.0,-1.0
2012-12-19,26.0,7.0
2012-12-26,30.0,4.0
2013-01-02,3.0,-27.0
2013-01-09,3.0,0.0
2013-01-16,3.0,0.0
2013-01-23,3.0,0.0
2013-01-30,3.0,0.0
2013-02-06,1.0,-2.0
2013-02-13,1.0,0.0
2013-02-20,1.0,0.0
2013-02-27,1.0,0.0
2013-03-06,0.0,-1.0
2013-03-13,0.0,0.0
2013-03-20,0.0,0.0
2013-03-27,0.0,0.0
2013-04-03,6.0,6.0
2013-04-10,9.0,3.0
2013-04-17,10.0,1.0
2013-04-24,20.0,10.0
2013-05-01,26.0,6.0
2013-05-08,38.0,12.0
2013-05-15,40.0,2.0
2013-05-22,51.0,11.0
2013-05-29,49.0,-2.0
2013-06-05,49.0,0.0
2013-06-12,56.0,7.0
2013-06-19,68.0,12.0
2013-06-26,97.0,29.0
2013-07-03,91.0,-6.0
2013-07-10,93.0,2.0
2013-07-17,107.0,14.0
2013-07-24,126.0,19.0
2013-07-31,128.0,2.0
2013-08-07,128.0,0.0
2013-08-14,147.0,19.0
2013-08-21,151.0,4.0
2013-08-28,155.0,4.0
2013-09-04,148.0,-7.0
2013-09-11,154.0,6.0
2013-09-18,149.0,-5.0
2013-09-25,153.0,4.0
2013-10-02,133.0,-20.0
2013-10-09,132.0,-1.0
2013-10-16,126.0,-6.0
2013-10-23,126.0,0.0
2013-10-30,111.0,-15.0
2013-11-06,79.0,-32.0
2013-11-13,72.0,-7.0
2013-11-20,64.0,-8.0
2013-11-27,62.0,-2.0
2013-12-04,60.0,-2.0
2013-12-11,62.0,2.0
2013-12-18,67.0,5.0
2013-12-25,70.0,3.0
2014-01-01,48.0,-22.0
2014-01-08,19.0,-29.0
2014-01-15,17.0,-2.0
2014-01-22,17.0,0.0
2014-01-29,18.0,1.0
2014-02-05,1.0,-17.0
2014-02-12,4.0,3.0
2014-02-19,3.0,-1.0
2014-02-26,3.0,0.0
2014-03-05,1.0,-2.0
2014-03-12,6.0,5.0
2014-03-19,8.0,2.0
2014-03-26,10.0,2.0
2014-04-02,15.0,5.0
2014-04-09,16.0,1.0
2014-04-16,15.0,-1.0
2014-04-23,20.0,5.0
2014-04-30,27.0,7.0
2014-05-07,40.0,13.0
2014-05-14,45.0,5.0
2014-05-21,47.0,2.0
2014-05-28,54.0,7.0
2014-06-04,81.0,27.0
2014-06-11,88.0,7.0
2014-06-18,110.0,22.0
2014-06-25,141.0,31.0
2014-07-02,141.0,0.0
2014-07-09,157.0,16.0
2014-07-16,176.0,19.0
2014-07-23,199.0,23.0
2014-07-30,197.0,-2.0
2014-08-06,231.0,34.0
2014-08-13,233.0,2.0
2014-08-20,236.0,3.0
2014-08-27,245.0,9.0
2014-09-03,234.0,-11.0
2014-09-10,266.0,32.0
2014-09-17,266.0,0.0
2014-09-24,268.0,2.0
2014-10-01,210.0,-58.0
2014-10-08,200.0,-10.0
2014-10-15,217.0,17.0
2014-10-22,201.0,-16.0
2014-10-29,178.0,-23.0
2014-11-05,127.0,-51.0
2014-11-12,116.0,-11.0
2014-11-19,117.0,1.0
2014-11-26,108.0,-9.0
2014-12-03,90.0,-18.0
2014-12-10,94.0,4.0
2014-12-17,81.0,-13.0
2014-12-24,87.0,6.0
2014-12-31,67.0,-20.0
2015-01-07,6.0,-61.0
2015-01-14,9.0,3.0
2015-01-21,12.0,3.0
2015-01-28,7.0,-5.0
2015-02-04,3.0,-4.0
2015-02-11,5.0,2.0
2015-02-18,5.0,0.0
2015-02-25,5.0,0.0
2015-03-04,6.0,1.0
2015-03-11,8.0,2.0
2015-03-18,10.0,2.0
2015-03-25,13.0,3.0
2015-04-01,17.0,4.0
2015-04-08,17.0,0.0
2015-04-15,31.0,14.0
2015-04-22,35.0,4.0
2015-04-29,42.0,7.0
2015-05-06,60.0,18.0
2015-05-13,79.0,19.0
2015-05-20,91.0,12.0
2015-05-27,91.0,0.0
2015-06-03,105.0,14.0
2015-06-10,130.0,25.0
2015-06-17,139.0,9.0
2015-06-24,158.0,19.0
2015-07-01,164.0,6.0
2015-07-08,169.0,5.0
2015-07-15,179.0,10.0
2015-07-22,193.0,14.0
2015-07-29,189.0,-4.0
