Date,Values,Delta Calculations
2008-07-02,29816.0, 
2008-07-09,28900.0,-916.0
2008-07-16,28955.0,55.0
2008-07-23,29025.0,70.0
2008-07-30,29065.0,40.0
2008-08-06,29105.0,40.0
2008-08-13,29145.0,40.0
2008-08-20,29183.0,38.0
2008-08-27,29213.0,30.0
2008-09-03,29253.0,40.0
2008-09-10,29293.0,40.0
2008-09-17,29333.0,40.0
2008-09-24,29373.0,40.0
2008-10-01,29413.0,40.0
2008-10-08,29452.0,39.0
2008-10-15,29492.0,40.0
2008-10-22,29137.0,-355.0
2008-10-29,26809.0,-2328.0
2008-11-05,26850.0,41.0
2008-11-12,26876.0,26.0
2008-11-19,26945.0,69.0
2008-11-26,26928.0,-17.0
2008-12-03,26994.0,66.0
2008-12-10,27054.0,60.0
2008-12-17,26892.0,-162.0
2008-12-24,26918.0,26.0
2008-12-31,26974.0,56.0
2009-01-07,27028.0,54.0
2009-01-14,27070.0,42.0
2009-01-21,27131.0,61.0
2009-01-28,26980.0,-151.0
2009-02-04,25785.0,-1195.0
2009-02-11,25863.0,78.0
2009-02-18,25883.0,20.0
2009-02-25,25924.0,41.0
2009-03-04,25989.0,65.0
2009-03-11,26118.0,129.0
2009-03-18,26183.0,65.0
2009-03-25,26223.0,40.0
2009-04-01,26295.0,72.0
2009-04-08,26344.0,49.0
2009-04-15,26404.0,60.0
2009-04-22,26445.0,41.0
2009-04-29,26484.0,39.0
2009-05-06,26384.0,-100.0
2009-05-13,25675.0,-709.0
2009-05-20,25692.0,17.0
2009-05-27,25688.0,-4.0
2009-06-03,25772.0,84.0
2009-06-10,25839.0,67.0
2009-06-17,25881.0,42.0
2009-06-24,25876.0,-5.0
2009-07-01,25896.0,20.0
2009-07-08,25930.0,34.0
2009-07-15,25958.0,28.0
2009-07-22,25989.0,31.0
2009-07-29,26029.0,40.0
2009-08-05,25899.0,-130.0
2009-08-12,25954.0,55.0
2009-08-19,25988.0,34.0
2009-08-26,25987.0,-1.0
2009-09-02,26035.0,48.0
2009-09-09,26083.0,48.0
2009-09-16,26114.0,31.0
2009-09-23,26152.0,38.0
2009-09-30,26199.0,47.0
2009-10-07,26267.0,68.0
2009-10-14,26312.0,45.0
2009-10-21,26366.0,54.0
2009-10-28,26381.0,15.0
2009-11-04,26289.0,-92.0
2009-11-11,26326.0,37.0
2009-11-18,26340.0,14.0
2009-11-25,26350.0,10.0
2009-12-02,26394.0,44.0
2009-12-09,26468.0,74.0
2009-12-16,26504.0,36.0
2009-12-23,26579.0,75.0
2009-12-30,26597.0,18.0
2010-01-06,26706.0,109.0
2010-01-13,26737.0,31.0
2010-01-20,26744.0,7.0
2010-01-27,26761.0,17.0
2010-02-03,26788.0,27.0
2010-02-10,26873.0,85.0
2010-02-17,27184.0,311.0
2010-02-24,27211.0,27.0
2010-03-03,27235.0,24.0
2010-03-10,27261.0,26.0
2010-03-17,27270.0,9.0
2010-03-24,27291.0,21.0
2010-03-31,27323.0,32.0
2010-04-07,27371.0,48.0
2010-04-14,27432.0,61.0
2010-04-21,27529.0,97.0
2010-04-28,27667.0,138.0
2010-05-05,28231.0,564.0
2010-05-12,28261.0,30.0
2010-05-19,28269.0,8.0
2010-05-26,28311.0,42.0
2010-06-02,28338.0,27.0
2010-06-09,28371.0,33.0
2010-06-16,28397.0,26.0
2010-06-23,28413.0,16.0
2010-06-30,28429.0,16.0
2010-07-07,28502.0,73.0
2010-07-14,28531.0,29.0
2010-07-21,28538.0,7.0
2010-07-28,28691.0,153.0
2010-08-04,29427.0,736.0
2010-08-11,29454.0,27.0
2010-08-18,29036.0,-418.0
2010-08-25,28982.0,-54.0
2010-09-01,29004.0,22.0
2010-09-08,29050.0,46.0
2010-09-15,28980.0,-70.0
2010-09-22,28439.0,-541.0
2010-09-29,28447.0,8.0
2010-10-06,28478.0,31.0
2010-10-13,28511.0,33.0
2010-10-20,27953.0,-558.0
2010-10-27,27970.0,17.0
2010-11-03,28486.0,516.0
2010-11-10,28510.0,24.0
2010-11-17,28092.0,-418.0
2010-11-24,27531.0,-561.0
2010-12-01,27563.0,32.0
2010-12-08,27606.0,43.0
2010-12-15,27425.0,-181.0
2010-12-22,26916.0,-509.0
2010-12-29,26935.0,19.0
2011-01-05,26974.0,39.0
2011-01-12,27009.0,35.0
2011-01-19,26460.0,-549.0
2011-01-26,26399.0,-61.0
2011-02-02,26447.0,48.0
2011-02-09,26542.0,95.0
2011-02-16,26328.0,-214.0
2011-02-23,26033.0,-295.0
2011-03-02,26045.0,12.0
2011-03-09,26064.0,19.0
2011-03-16,25847.0,-217.0
2011-03-23,25562.0,-285.0
2011-03-30,25589.0,27.0
2011-04-06,25585.0,-4.0
2011-04-13,25619.0,34.0
2011-04-20,24278.0,-1341.0
2011-04-27,24376.0,98.0
2011-05-04,24771.0,395.0
2011-05-11,24799.0,28.0
2011-05-18,24463.0,-336.0
2011-05-25,24427.0,-36.0
2011-06-01,24489.0,62.0
2011-06-08,24540.0,51.0
2011-06-15,24358.0,-182.0
2011-06-22,23775.0,-583.0
2011-06-29,23819.0,44.0
2011-07-06,23855.0,36.0
2011-07-13,23877.0,22.0
2011-07-20,21173.0,-2704.0
2011-07-27,20754.0,-419.0
2011-08-03,20821.0,67.0
2011-08-10,20820.0,-1.0
2011-08-17,18187.0,-2633.0
2011-08-24,18178.0,-9.0
2011-08-31,18206.0,28.0
2011-09-07,18234.0,28.0
2011-09-14,18259.0,25.0
2011-09-21,15428.0,-2831.0
2011-09-28,15484.0,56.0
2011-10-05,15486.0,2.0
2011-10-12,15487.0,1.0
2011-10-19,14490.0,-997.0
2011-10-26,13093.0,-1397.0
2011-11-02,12939.0,-154.0
2011-11-09,12972.0,33.0
2011-11-16,12302.0,-670.0
2011-11-23,10600.0,-1702.0
2011-11-30,10602.0,2.0
2011-12-07,10628.0,26.0
2011-12-14,10136.0,-492.0
2011-12-21,7214.0,-2922.0
2011-12-28,7234.0,20.0
2012-01-04,7232.0,-2.0
2012-01-11,7240.0,8.0
2012-01-18,7171.0,-69.0
2012-01-25,7001.0,-170.0
2012-02-01,6953.0,-48.0
2012-02-08,6971.0,18.0
2012-02-15,6842.0,-129.0
2012-02-22,6479.0,-363.0
2012-02-29,6495.0,16.0
2012-03-07,6441.0,-54.0
2012-03-14,6297.0,-144.0
2012-03-21,5371.0,-926.0
2012-03-28,5422.0,51.0
2012-04-04,5441.0,19.0
2012-04-11,5445.0,4.0
2012-04-18,4235.0,-1210.0
2012-04-25,4058.0,-177.0
2012-05-02,4176.0,118.0
2012-05-09,4184.0,8.0
2012-05-16,4047.0,-137.0
2012-05-23,3855.0,-192.0
2012-05-30,3872.0,17.0
2012-06-06,3879.0,7.0
2012-06-13,3882.0,3.0
2012-06-20,2710.0,-1172.0
2012-06-27,2475.0,-235.0
2012-07-04,2417.0,-58.0
2012-07-11,2418.0,1.0
2012-07-18,2366.0,-52.0
2012-07-25,2035.0,-331.0
2012-08-01,2082.0,47.0
2012-08-08,2085.0,3.0
2012-08-15,2054.0,-31.0
2012-08-22,1868.0,-186.0
2012-08-29,1874.0,6.0
2012-09-05,1911.0,37.0
2012-09-12,1916.0,5.0
2012-09-19,1892.0,-24.0
2012-09-26,1736.0,-156.0
2012-10-03,1721.0,-15.0
2012-10-10,1731.0,10.0
2012-10-17,1707.0,-24.0
2012-10-24,1555.0,-152.0
2012-10-31,1561.0,6.0
2012-11-07,1572.0,11.0
2012-11-14,1572.0,0.0
2012-11-21,1554.0,-18.0
2012-11-28,1437.0,-117.0
2012-12-05,1432.0,-5.0
2012-12-12,1434.0,2.0
2012-12-19,1433.0,-1.0
2012-12-26,1428.0,-5.0
2013-01-02,1413.0,-15.0
2013-01-09,1413.0,0.0
2013-01-16,1414.0,1.0
2013-01-23,1417.0,3.0
2013-01-30,1415.0,-2.0
2013-02-06,1402.0,-13.0
2013-02-13,1404.0,2.0
2013-02-20,1401.0,-3.0
2013-02-27,1400.0,-1.0
2013-03-06,1399.0,-1.0
2013-03-13,1395.0,-4.0
2013-03-20,1402.0,7.0
2013-03-27,1402.0,0.0
2013-04-03,1402.0,0.0
2013-04-10,1402.0,0.0
2013-04-17,1404.0,2.0
2013-04-24,1409.0,5.0
2013-05-01,1425.0,16.0
2013-05-08,1429.0,4.0
2013-05-15,1430.0,1.0
2013-05-22,1429.0,-1.0
2013-05-29,1428.0,-1.0
2013-06-05,1424.0,-4.0
2013-06-12,1424.0,0.0
2013-06-19,1424.0,0.0
2013-06-26,1419.0,-5.0
2013-07-03,1418.0,-1.0
2013-07-10,1414.0,-4.0
2013-07-17,1415.0,1.0
2013-07-24,1414.0,-1.0
2013-07-31,1425.0,11.0
2013-08-07,1489.0,64.0
2013-08-14,1489.0,0.0
2013-08-21,1487.0,-2.0
2013-08-28,1491.0,4.0
2013-09-04,1492.0,1.0
2013-09-11,1493.0,1.0
2013-09-18,1498.0,5.0
2013-09-25,1496.0,-2.0
2013-10-02,1494.0,-2.0
2013-10-09,1493.0,-1.0
2013-10-16,1493.0,0.0
2013-10-23,1493.0,0.0
2013-10-30,1497.0,4.0
2013-11-06,1515.0,18.0
2013-11-13,1516.0,1.0
2013-11-20,1517.0,1.0
2013-11-27,1517.0,0.0
2013-12-04,1517.0,0.0
2013-12-11,1520.0,3.0
2013-12-18,1520.0,0.0
2013-12-25,1525.0,5.0
2014-01-01,1541.0,16.0
2014-01-08,1541.0,0.0
2014-01-15,1541.0,0.0
2014-01-22,1543.0,2.0
2014-01-29,1550.0,7.0
2014-02-05,1579.0,29.0
2014-02-12,1579.0,0.0
2014-02-19,1580.0,1.0
2014-02-26,1580.0,0.0
2014-03-05,1581.0,1.0
2014-03-12,1582.0,1.0
2014-03-19,1585.0,3.0
2014-03-26,1585.0,0.0
2014-04-02,1584.0,-1.0
2014-04-09,1584.0,0.0
2014-04-16,1586.0,2.0
2014-04-23,1586.0,0.0
2014-04-30,1595.0,9.0
2014-05-07,1654.0,59.0
2014-05-14,1655.0,1.0
2014-05-21,1656.0,1.0
2014-05-28,1656.0,0.0
2014-06-04,1655.0,-1.0
2014-06-11,1654.0,-1.0
2014-06-18,1654.0,0.0
2014-06-25,1654.0,0.0
2014-07-02,1654.0,0.0
2014-07-09,1655.0,1.0
2014-07-16,1656.0,1.0
2014-07-23,1661.0,5.0
2014-07-30,1654.0,-7.0
2014-08-06,1660.0,6.0
2014-08-13,1669.0,9.0
2014-08-20,1669.0,0.0
2014-08-27,1668.0,-1.0
2014-09-03,1665.0,-3.0
2014-09-10,1664.0,-1.0
2014-09-17,1664.0,0.0
2014-09-24,1664.0,0.0
2014-10-01,1664.0,0.0
2014-10-08,1665.0,1.0
2014-10-15,1671.0,6.0
2014-10-22,1673.0,2.0
2014-10-29,1672.0,-1.0
2014-11-05,1679.0,7.0
2014-11-12,1679.0,0.0
2014-11-19,1679.0,0.0
2014-11-26,1681.0,2.0
2014-12-03,1681.0,0.0
2014-12-10,1681.0,0.0
2014-12-17,1681.0,0.0
2014-12-24,1678.0,-3.0
2014-12-31,1678.0,0.0
2015-01-07,1678.0,0.0
2015-01-14,1678.0,0.0
2015-01-21,1680.0,2.0
2015-01-28,1681.0,1.0
2015-02-04,1686.0,5.0
2015-02-11,1686.0,0.0
2015-02-18,1686.0,0.0
2015-02-25,1686.0,0.0
2015-03-04,1686.0,0.0
2015-03-11,1687.0,1.0
2015-03-18,1692.0,5.0
2015-03-25,1692.0,0.0
2015-04-01,1692.0,0.0
2015-04-08,1691.0,-1.0
2015-04-15,1692.0,1.0
2015-04-22,1694.0,2.0
2015-04-29,1693.0,-1.0
2015-05-06,1688.0,-5.0
2015-05-13,1688.0,0.0
2015-05-20,1697.0,9.0
2015-05-27,1697.0,0.0
2015-06-03,1699.0,2.0
2015-06-10,1699.0,0.0
2015-06-17,1696.0,-3.0
2015-06-24,1696.0,0.0
2015-07-01,1696.0,0.0
2015-07-08,1696.0,0.0
2015-07-15,1698.0,2.0
2015-07-22,1698.0,0.0
2015-07-29,1698.0,0.0
