Date,Values,Delta Calculations
2007-07-04,1209781.0, 
2007-07-11,1222406.0,12625.0
2007-07-18,1228010.0,5604.0
2007-07-25,1222950.0,-5060.0
2007-08-01,1224153.0,1203.0
2007-08-08,1217707.0,-6446.0
2007-08-15,1193747.0,-23960.0
2007-08-22,1181537.0,-12210.0
2007-08-29,1177227.0,-4310.0
2007-09-05,1177006.0,-221.0
2007-09-12,1171809.0,-5197.0
2007-09-19,1181881.0,10072.0
2007-09-26,1180487.0,-1394.0
2007-10-03,1183313.0,2826.0
2007-10-10,1194555.0,11242.0
2007-10-17,1204205.0,9650.0
2007-10-24,1195979.0,-8226.0
2007-10-31,1194773.0,-1206.0
2007-11-07,1202889.0,8116.0
2007-11-14,1204963.0,2074.0
2007-11-21,1189752.0,-15211.0
2007-11-28,1191459.0,1707.0
2007-12-05,1190701.0,-758.0
2007-12-12,1189535.0,-1166.0
2007-12-19,1187578.0,-1957.0
2007-12-26,1192419.0,4841.0
2008-01-02,1194592.0,2173.0
2008-01-09,1197559.0,2967.0
2008-01-16,1206663.0,9104.0
2008-01-23,1214759.0,8096.0
2008-01-30,1225694.0,10935.0
2008-02-06,1232804.0,7110.0
2008-02-13,1234342.0,1538.0
2008-02-20,1229940.0,-4402.0
2008-02-27,1235921.0,5981.0
2008-03-05,1238047.0,2126.0
2008-03-12,1244856.0,6809.0
2008-03-19,1241731.0,-3125.0
2008-03-26,1253033.0,11302.0
2008-04-02,1270988.0,17955.0
2008-04-09,1284076.0,13088.0
2008-04-16,1290933.0,6857.0
2008-04-23,1290611.0,-322.0
2008-04-30,1308505.0,17894.0
2008-05-07,1305862.0,-2643.0
2008-05-14,1316330.0,10468.0
2008-05-21,1306180.0,-10150.0
2008-05-28,1305851.0,-329.0
2008-06-04,1310468.0,4617.0
2008-06-11,1315835.0,5367.0
2008-06-18,1320246.0,4411.0
2008-06-25,1322819.0,2573.0
2008-07-02,1339221.0,16402.0
2008-07-09,1331752.0,-7469.0
2008-07-16,1323420.0,-8332.0
2008-07-23,1337859.0,14439.0
2008-07-30,1353559.0,15700.0
2008-08-06,1380464.0,26905.0
2008-08-13,1378730.0,-1734.0
2008-08-20,1383004.0,4274.0
2008-08-27,1400510.0,17506.0
2008-09-03,1398827.0,-1683.0
2008-09-10,1397591.0,-1236.0
2008-09-17,1409018.0,11427.0
2008-09-24,1407462.0,-1556.0
2008-10-01,1444065.0,36603.0
2008-10-08,1464240.0,20175.0
2008-10-15,1475731.0,11491.0
2008-10-22,1500176.0,24445.0
2008-10-29,1509439.0,9263.0
2008-11-05,1526819.0,17380.0
2008-11-12,1535144.0,8325.0
2008-11-19,1540979.0,5835.0
2008-11-26,1549940.0,8961.0
2008-12-03,1565064.0,15124.0
2008-12-10,1580291.0,15227.0
2008-12-17,1601761.0,21470.0
2008-12-24,1610717.0,8956.0
2008-12-31,1623461.0,12744.0
2009-01-07,1623230.0,-231.0
2009-01-14,1643493.0,20263.0
2009-01-21,1663309.0,19816.0
2009-01-28,1661341.0,-1968.0
2009-02-04,1667788.0,6447.0
2009-02-11,1673967.0,6179.0
2009-02-18,1693729.0,19762.0
2009-02-25,1702169.0,8440.0
2009-03-04,1714427.0,12258.0
2009-03-11,1708325.0,-6102.0
2009-03-18,1718585.0,10260.0
2009-03-25,1722183.0,3598.0
2009-04-01,1740177.0,17994.0
2009-04-08,1751991.0,11814.0
2009-04-15,1775135.0,23144.0
2009-04-22,1776559.0,1424.0
2009-04-29,1772767.0,-3792.0
2009-05-06,1787835.0,15068.0
2009-05-13,1811449.0,23614.0
2009-05-20,1836228.0,24779.0
2009-05-27,1846069.0,9841.0
2009-06-03,1860345.0,14276.0
2009-06-10,1871109.0,10764.0
2009-06-17,1878633.0,7524.0
2009-06-24,1878767.0,134.0
2009-07-01,1907213.0,28446.0
2009-07-08,1910778.0,3565.0
2009-07-15,1931514.0,20736.0
2009-07-22,1934247.0,2733.0
2009-07-29,1939434.0,5187.0
2009-08-05,1964070.0,24636.0
2009-08-12,1962635.0,-1435.0
2009-08-19,1967095.0,4460.0
2009-08-26,1979643.0,12548.0
2009-09-02,1987061.0,7418.0
2009-09-09,1986887.0,-174.0
2009-09-16,2015220.0,28333.0
2009-09-23,2017913.0,2693.0
2009-09-30,2028239.0,10326.0
2009-10-07,2033656.0,5417.0
2009-10-14,2042022.0,8366.0
2009-10-21,2069014.0,26992.0
2009-10-28,2076854.0,7840.0
2009-11-04,2098755.0,21901.0
2009-11-11,2097345.0,-1410.0
2009-11-18,2110407.0,13062.0
2009-11-25,2101514.0,-8893.0
2009-12-02,2117642.0,16128.0
2009-12-09,2118272.0,630.0
2009-12-16,2132927.0,14655.0
2009-12-23,2128435.0,-4492.0
2009-12-30,2123192.0,-5243.0
2010-01-06,2123834.0,642.0
2010-01-13,2121601.0,-2233.0
2010-01-20,2124590.0,2989.0
2010-01-27,2125972.0,1382.0
2010-02-03,2134241.0,8269.0
2010-02-10,2140376.0,6135.0
2010-02-17,2140123.0,-253.0
2010-02-24,2144997.0,4874.0
2010-03-03,2154419.0,9422.0
2010-03-10,2157100.0,2681.0
2010-03-17,2184888.0,27788.0
2010-03-24,2190434.0,5546.0
2010-03-31,2191058.0,624.0
2010-04-07,2200263.0,9205.0
2010-04-14,2203971.0,3708.0
2010-04-21,2219037.0,15066.0
2010-04-28,2227099.0,8062.0
2010-05-05,2235587.0,8488.0
2010-05-12,2214223.0,-21364.0
2010-05-19,2211501.0,-2722.0
2010-05-26,2217388.0,5887.0
2010-06-02,2222873.0,5485.0
2010-06-09,2206337.0,-16536.0
2010-06-16,2215695.0,9358.0
2010-06-23,2208712.0,-6983.0
2010-06-30,2216189.0,7477.0
2010-07-07,2221252.0,5063.0
2010-07-14,2227951.0,6699.0
2010-07-21,2251550.0,23599.0
2010-07-28,2263348.0,11798.0
2010-08-04,2269534.0,6186.0
2010-08-11,2288487.0,18953.0
2010-08-18,2310183.0,21696.0
2010-08-25,2323758.0,13575.0
2010-09-01,2354007.0,30249.0
2010-09-08,2350003.0,-4004.0
2010-09-15,2388529.0,38526.0
2010-09-22,2424154.0,35625.0
2010-09-29,2422736.0,-1418.0
2010-10-06,2441784.0,19048.0
2010-10-13,2475649.0,33865.0
2010-10-20,2497370.0,21721.0
2010-10-27,2519157.0,21787.0
2010-11-03,2541255.0,22098.0
2010-11-10,2554409.0,13154.0
2010-11-17,2565027.0,10618.0
2010-11-24,2552465.0,-12562.0
2010-12-01,2563025.0,10560.0
2010-12-08,2563015.0,-10.0
2010-12-15,2566299.0,3284.0
2010-12-22,2579099.0,12800.0
2010-12-29,2563873.0,-15226.0
2011-01-05,2568223.0,4350.0
2011-01-12,2563702.0,-4521.0
2011-01-19,2555038.0,-8664.0
2011-01-26,2557091.0,2053.0
2011-02-02,2554915.0,-2176.0
2011-02-09,2568229.0,13314.0
2011-02-16,2580348.0,12119.0
2011-02-23,2575834.0,-4514.0
2011-03-02,2574096.0,-1738.0
2011-03-09,2588446.0,14350.0
2011-03-16,2591651.0,3205.0
2011-03-23,2592762.0,1111.0
2011-03-30,2580973.0,-11789.0
2011-04-06,2595328.0,14355.0
2011-04-13,2602584.0,7256.0
2011-04-20,2613123.0,10539.0
2011-04-27,2635268.0,22145.0
2011-05-04,2643885.0,8617.0
2011-05-11,2650873.0,6988.0
2011-05-18,2653612.0,2739.0
2011-05-25,2638259.0,-15353.0
2011-06-01,2642543.0,4284.0
2011-06-08,2651332.0,8789.0
2011-06-15,2663095.0,11763.0
2011-06-22,2660552.0,-2543.0
2011-06-29,2643279.0,-17273.0
2011-07-06,2656642.0,13363.0
2011-07-13,2654102.0,-2540.0
2011-07-20,2665353.0,11251.0
2011-07-27,2660386.0,-4967.0
2011-08-03,2675692.0,15306.0
2011-08-10,2653296.0,-22396.0
2011-08-17,2664794.0,11498.0
2011-08-24,2657879.0,-6915.0
2011-08-31,2656415.0,-1464.0
2011-09-07,2647946.0,-8469.0
2011-09-14,2644507.0,-3439.0
2011-09-21,2640327.0,-4180.0
2011-09-28,2623648.0,-16679.0
2011-10-05,2623436.0,-212.0
2011-10-12,2615372.0,-8064.0
2011-10-19,2618879.0,3507.0
2011-10-26,2599140.0,-19739.0
2011-11-02,2606534.0,7394.0
2011-11-09,2641630.0,35096.0
2011-11-16,2664630.0,23000.0
2011-11-23,2656527.0,-8103.0
2011-11-30,2666608.0,10081.0
2011-12-07,2660875.0,-5733.0
2011-12-14,2642911.0,-17964.0
2011-12-21,2623528.0,-19383.0
2011-12-28,2601867.0,-21661.0
2012-01-04,2593837.0,-8030.0
2012-01-11,2589573.0,-4264.0
2012-01-18,2596697.0,7124.0
2012-01-25,2601010.0,4313.0
2012-02-01,2610942.0,9932.0
2012-02-08,2630255.0,19313.0
2012-02-15,2644634.0,14379.0
2012-02-22,2643811.0,-823.0
2012-02-29,2642544.0,-1267.0
2012-03-07,2646323.0,3779.0
2012-03-14,2647019.0,696.0
2012-03-21,2658564.0,11545.0
2012-03-28,2668773.0,10209.0
2012-04-04,2685131.0,16358.0
2012-04-11,2679385.0,-5746.0
2012-04-18,2683893.0,4508.0
2012-04-25,2691172.0,7279.0
2012-05-02,2703332.0,12160.0
2012-05-09,2699622.0,-3710.0
2012-05-16,2705710.0,6088.0
2012-05-23,2707268.0,1558.0
2012-05-30,2707401.0,133.0
2012-06-06,2721735.0,14334.0
2012-06-13,2715740.0,-5995.0
2012-06-20,2737576.0,21836.0
2012-06-27,2736028.0,-1548.0
2012-07-04,2737636.0,1608.0
2012-07-11,2734070.0,-3566.0
2012-07-18,2746664.0,12594.0
2012-07-25,2755366.0,8702.0
2012-08-01,2760738.0,5372.0
2012-08-08,2765862.0,5124.0
2012-08-15,2780752.0,14890.0
2012-08-22,2785112.0,4360.0
2012-08-29,2785428.0,316.0
2012-09-05,2795021.0,9593.0
2012-09-12,2796983.0,1962.0
2012-09-19,2812323.0,15340.0
2012-09-26,2812238.0,-85.0
2012-10-03,2804149.0,-8089.0
2012-10-10,2814793.0,10644.0
2012-10-17,2822886.0,8093.0
2012-10-24,2824606.0,1720.0
2012-10-31,2833123.0,8517.0
2012-11-07,2834959.0,1836.0
2012-11-14,2833575.0,-1384.0
2012-11-21,2837423.0,3848.0
2012-11-28,2848876.0,11453.0
2012-12-05,2850334.0,1458.0
2012-12-12,2866875.0,16541.0
2012-12-19,2882762.0,15887.0
2012-12-26,2891366.0,8604.0
2013-01-02,2893418.0,2052.0
2013-01-09,2904755.0,11337.0
2013-01-16,2916872.0,12117.0
2013-01-23,2908197.0,-8675.0
2013-01-30,2908108.0,-89.0
2013-02-06,2950103.0,41995.0
2013-02-13,2955421.0,5318.0
2013-02-20,2967217.0,11796.0
2013-02-27,2943831.0,-23386.0
2013-03-06,2958185.0,14354.0
2013-03-13,2955260.0,-2925.0
2013-03-20,2954671.0,-589.0
2013-03-27,2945239.0,-9432.0
2013-04-03,2954614.0,9375.0
2013-04-10,2952862.0,-1752.0
2013-04-17,2953983.0,1121.0
2013-04-24,2951413.0,-2570.0
2013-05-01,2948108.0,-3305.0
2013-05-08,2942744.0,-5364.0
2013-05-15,2965056.0,22312.0
2013-05-22,2967035.0,1979.0
2013-05-29,2976377.0,9342.0
2013-06-05,2968252.0,-8125.0
2013-06-12,2973287.0,5035.0
2013-06-19,2966372.0,-6915.0
2013-06-26,2934015.0,-32357.0
2013-07-03,2942680.0,8665.0
2013-07-10,2939918.0,-2762.0
2013-07-17,2939560.0,-358.0
2013-07-24,2925551.0,-14009.0
2013-07-31,2923940.0,-1611.0
2013-08-07,2923399.0,-541.0
2013-08-14,2918203.0,-5196.0
2013-08-21,2926910.0,8707.0
2013-08-28,2921850.0,-5060.0
2013-09-04,2929521.0,7671.0
2013-09-11,2923296.0,-6225.0
2013-09-18,2933265.0,9969.0
2013-09-25,2928556.0,-4709.0
2013-10-02,2932585.0,4029.0
2013-10-09,2937483.0,4898.0
2013-10-16,2967138.0,29655.0
2013-10-23,2958077.0,-9061.0
2013-10-30,2955009.0,-3068.0
2013-11-06,2958167.0,3158.0
2013-11-13,2963045.0,4878.0
2013-11-20,2980729.0,17684.0
2013-11-27,2989566.0,8837.0
2013-12-04,3003165.0,13599.0
2013-12-11,3019126.0,15961.0
2013-12-18,3021465.0,2339.0
2013-12-25,3007980.0,-13485.0
2014-01-01,2996874.0,-11106.0
2014-01-08,2995275.0,-1599.0
2014-01-15,3000297.0,5022.0
2014-01-22,2994130.0,-6167.0
2014-01-29,2973468.0,-20662.0
2014-02-05,2965893.0,-7575.0
2014-02-12,2955526.0,-10367.0
2014-02-19,2971217.0,15691.0
2014-02-26,2973439.0,2222.0
2014-03-05,2959932.0,-13507.0
2014-03-12,2855397.0,-104535.0
2014-03-19,2887627.0,32230.0
2014-03-26,2943888.0,56261.0
2014-04-02,2957095.0,13207.0
2014-04-09,2972205.0,15110.0
2014-04-16,2958868.0,-13337.0
2014-04-23,2943644.0,-15224.0
2014-04-30,2952480.0,8836.0
2014-05-07,2950433.0,-2047.0
2014-05-14,2934717.0,-15716.0
2014-05-21,2933287.0,-1430.0
2014-05-28,2941814.0,8527.0
2014-06-04,2970736.0,28922.0
2014-06-11,2970633.0,-103.0
2014-06-18,2980503.0,9870.0
2014-06-25,2971818.0,-8685.0
2014-07-02,2969684.0,-2134.0
2014-07-09,2980627.0,10943.0
2014-07-16,2981074.0,447.0
2014-07-23,2978619.0,-2455.0
2014-07-30,2972195.0,-6424.0
2014-08-06,2998986.0,26791.0
2014-08-13,2985282.0,-13704.0
2014-08-20,2990734.0,5452.0
2014-08-27,3012666.0,21932.0
2014-09-03,3009869.0,-2797.0
2014-09-10,3016027.0,6158.0
2014-09-17,3029889.0,13862.0
2014-09-24,3017608.0,-12281.0
2014-10-01,3000945.0,-16663.0
2014-10-08,2995698.0,-5247.0
2014-10-15,2981428.0,-14270.0
2014-10-22,2961159.0,-20269.0
2014-10-29,2955615.0,-5544.0
2014-11-05,2985698.0,30083.0
2014-11-12,2978332.0,-7366.0
2014-11-19,2986381.0,8049.0
2014-11-26,2967578.0,-18803.0
2014-12-03,2981840.0,14262.0
2014-12-10,2981922.0,82.0
2014-12-17,2978012.0,-3910.0
2014-12-24,2965047.0,-12965.0
2014-12-31,2965585.0,538.0
2015-01-07,2965405.0,-180.0
2015-01-14,2962248.0,-3157.0
2015-01-21,2957685.0,-4563.0
2015-01-28,2929747.0,-27938.0
2015-02-04,2927711.0,-2036.0
2015-02-11,2932656.0,4945.0
2015-02-18,2938578.0,5922.0
2015-02-25,2939331.0,753.0
2015-03-04,2924788.0,-14543.0
2015-03-11,2906153.0,-18635.0
2015-03-18,2900127.0,-6026.0
2015-03-25,2899767.0,-360.0
2015-04-01,2962701.0,62934.0
2015-04-08,2963778.0,1077.0
2015-04-15,2967403.0,3625.0
2015-04-22,2956028.0,-11375.0
2015-04-29,2966134.0,10106.0
2015-05-06,2985859.0,19725.0
2015-05-13,2986307.0,448.0
2015-05-20,2987685.0,1378.0
2015-05-27,3007099.0,19414.0
2015-06-03,3025124.0,18025.0
2015-06-10,3028475.0,3351.0
2015-06-17,3023634.0,-4841.0
2015-06-24,3021400.0,-2234.0
2015-07-01,3032996.0,11596.0
2015-07-08,3009890.0,-23106.0
2015-07-15,3009134.0,-756.0
2015-07-22,2982765.0,-26369.0
2015-07-29,3010708.0,27943.0
