Date,Values,Delta Calculations
2008-12-17,20031.0, 
2008-12-24,20049.0,18.0
2008-12-31,20117.0,68.0
2009-01-07,19794.0,-323.0
2009-01-14,19800.0,6.0
2009-01-21,19813.0,13.0
2009-01-28,18964.0,-849.0
2009-02-04,18968.0,4.0
2009-02-11,18630.0,-338.0
2009-02-18,18640.0,10.0
2009-02-25,18647.0,7.0
2009-03-04,18708.0,61.0
2009-03-11,18427.0,-281.0
2009-03-18,18439.0,12.0
2009-03-25,18449.0,10.0
2009-04-01,18516.0,67.0
2009-04-08,18227.0,-289.0
2009-04-15,18234.0,7.0
2009-04-22,18253.0,19.0
2009-04-29,18328.0,75.0
2009-05-06,16143.0,-2185.0
2009-05-13,16150.0,7.0
2009-05-20,16163.0,13.0
2009-05-27,16252.0,89.0
2009-06-03,16263.0,11.0
2009-06-10,15941.0,-322.0
2009-06-17,15954.0,13.0
2009-06-24,15961.0,7.0
2009-07-01,16061.0,100.0
2009-07-08,15742.0,-319.0
2009-07-15,15754.0,12.0
2009-07-22,15760.0,6.0
2009-07-29,15144.0,-616.0
2009-08-05,15147.0,3.0
2009-08-12,14818.0,-329.0
2009-08-19,14841.0,23.0
2009-08-26,14943.0,102.0
2009-09-02,14947.0,4.0
2009-09-09,14637.0,-310.0
2009-09-16,14649.0,12.0
2009-09-23,14662.0,13.0
2009-09-30,14751.0,89.0
2009-10-07,14461.0,-290.0
2009-10-14,14466.0,5.0
2009-10-21,14476.0,10.0
2009-10-28,16007.0,1531.0
2009-11-04,16009.0,2.0
2009-11-11,15733.0,-276.0
2009-11-18,15766.0,33.0
2009-11-25,15845.0,79.0
2009-12-02,15847.0,2.0
2009-12-09,15571.0,-276.0
2009-12-16,15578.0,7.0
2009-12-23,15581.0,3.0
2009-12-30,15697.0,116.0
2010-01-06,15662.0,-35.0
2010-01-13,15404.0,-258.0
2010-01-20,15415.0,11.0
2010-01-27,15493.0,78.0
2010-02-03,15498.0,5.0
2010-02-10,15480.0,-18.0
2010-02-17,15487.0,7.0
2010-02-24,15492.0,5.0
2010-03-03,15563.0,71.0
2010-03-10,15331.0,-232.0
2010-03-17,15338.0,7.0
2010-03-24,15343.0,5.0
2010-03-31,15405.0,62.0
2010-04-07,15191.0,-214.0
2010-04-14,15191.0,0.0
2010-04-21,15199.0,8.0
2010-04-28,16060.0,861.0
2010-05-05,16063.0,3.0
2010-05-12,15841.0,-222.0
2010-05-19,15847.0,6.0
2010-05-26,15910.0,63.0
2010-06-02,15911.0,1.0
2010-06-09,15693.0,-218.0
2010-06-16,15700.0,7.0
2010-06-23,15705.0,5.0
2010-06-30,15763.0,58.0
2010-07-07,15545.0,-218.0
2010-07-14,15549.0,4.0
2010-07-21,15556.0,7.0
2010-07-28,16170.0,614.0
2010-08-04,16174.0,4.0
2010-08-11,15961.0,-213.0
2010-08-18,15967.0,6.0
2010-08-25,16030.0,63.0
2010-09-01,16029.0,-1.0
2010-09-08,15814.0,-215.0
2010-09-15,15820.0,6.0
2010-09-22,15824.0,4.0
2010-09-29,15875.0,51.0
2010-10-06,15674.0,-201.0
2010-10-13,15676.0,2.0
2010-10-20,15684.0,8.0
2010-10-27,16472.0,788.0
2010-11-03,16477.0,5.0
2010-11-10,16280.0,-197.0
2010-11-17,16285.0,5.0
2010-11-24,16291.0,6.0
2010-12-01,16337.0,46.0
2010-12-08,16120.0,-217.0
2010-12-15,16144.0,24.0
2010-12-22,16151.0,7.0
2010-12-29,16197.0,46.0
2011-01-05,15942.0,-255.0
2011-01-12,15946.0,4.0
2011-01-19,15951.0,5.0
2011-01-26,16002.0,51.0
2011-02-02,16034.0,32.0
2011-02-09,16038.0,4.0
2011-02-16,16043.0,5.0
2011-02-23,16046.0,3.0
2011-03-02,15890.0,-156.0
2011-03-09,15891.0,1.0
2011-03-16,15896.0,5.0
2011-03-23,15900.0,4.0
2011-03-30,15941.0,41.0
2011-04-06,15814.0,-127.0
2011-04-13,15847.0,33.0
2011-04-20,15872.0,25.0
2011-04-27,16541.0,669.0
2011-05-04,14970.0,-1571.0
2011-05-11,14985.0,15.0
2011-05-18,14984.0,-1.0
2011-05-25,15009.0,25.0
2011-06-01,15012.0,3.0
2011-06-08,12531.0,-2481.0
2011-06-15,12507.0,-24.0
2011-06-22,12510.0,3.0
2011-06-29,12538.0,28.0
2011-07-06,11451.0,-1087.0
2011-07-13,11453.0,2.0
2011-07-20,11461.0,8.0
2011-07-27,10225.0,-1236.0
2011-08-03,10063.0,-162.0
2011-08-10,10064.0,1.0
2011-08-17,10068.0,4.0
2011-08-24,10071.0,3.0
2011-08-31,10109.0,38.0
2011-09-07,9956.0,-153.0
2011-09-14,9959.0,3.0
2011-09-21,9964.0,5.0
2011-09-28,9999.0,35.0
2011-10-05,9852.0,-147.0
2011-10-12,9855.0,3.0
2011-10-19,9858.0,3.0
2011-10-26,9472.0,-386.0
2011-11-02,9336.0,-136.0
2011-11-09,9337.0,1.0
2011-11-16,9341.0,4.0
2011-11-23,9344.0,3.0
2011-11-30,9379.0,35.0
2011-12-07,9236.0,-143.0
2011-12-14,9239.0,3.0
2011-12-21,9243.0,4.0
2011-12-28,9281.0,38.0
2012-01-04,9143.0,-138.0
2012-01-11,9145.0,2.0
2012-01-18,9150.0,5.0
2012-01-25,9508.0,358.0
2012-02-01,9508.0,0.0
2012-02-08,6712.0,-2796.0
2012-02-15,6714.0,2.0
2012-02-22,6715.0,1.0
2012-02-29,7301.0,586.0
2012-03-07,3635.0,-3666.0
2012-03-14,3635.0,0.0
2012-03-21,19.0,-3616.0
2012-03-28,19.0,0.0
2012-04-04,19.0,0.0
2012-04-11,19.0,0.0
2012-04-18,19.0,0.0
2012-04-25,19.0,0.0
2012-05-02,19.0,0.0
2012-05-09,19.0,0.0
2012-05-16,19.0,0.0
2012-05-23,19.0,0.0
2012-05-30,19.0,0.0
2012-06-06,19.0,0.0
2012-06-13,19.0,0.0
2012-06-20,18.0,-1.0
2012-06-27,18.0,0.0
2012-07-04,18.0,0.0
2012-07-11,18.0,0.0
2012-07-18,18.0,0.0
2012-07-25,61.0,43.0
2012-08-01,61.0,0.0
2012-08-08,61.0,0.0
2012-08-15,61.0,0.0
2012-08-22,61.0,0.0
2012-08-29,61.0,0.0
2012-09-05,61.0,0.0
2012-09-12,61.0,0.0
2012-09-19,61.0,0.0
2012-09-26,61.0,0.0
2012-10-03,61.0,0.0
2012-10-10,61.0,0.0
2012-10-17,61.0,0.0
2012-10-24,61.0,0.0
2012-10-31,61.0,0.0
2012-11-07,61.0,0.0
2012-11-14,61.0,0.0
2012-11-21,61.0,0.0
2012-11-28,61.0,0.0
2012-12-05,61.0,0.0
2012-12-12,61.0,0.0
2012-12-19,61.0,0.0
2012-12-26,61.0,0.0
2013-01-02,61.0,0.0
2013-01-09,61.0,0.0
2013-01-16,61.0,0.0
2013-01-23,61.0,0.0
2013-01-30,61.0,0.0
2013-02-06,61.0,0.0
2013-02-13,61.0,0.0
2013-02-20,61.0,0.0
2013-02-27,61.0,0.0
2013-03-06,62.0,1.0
2013-03-13,64.0,2.0
2013-03-20,64.0,0.0
2013-03-27,64.0,0.0
2013-04-03,64.0,0.0
2013-04-10,64.0,0.0
2013-04-17,64.0,0.0
2013-04-24,64.0,0.0
2013-05-01,64.0,0.0
2013-05-08,64.0,0.0
2013-05-15,64.0,0.0
2013-05-22,64.0,0.0
2013-05-29,64.0,0.0
2013-06-05,64.0,0.0
2013-06-12,64.0,0.0
2013-06-19,64.0,0.0
2013-06-26,64.0,0.0
2013-07-03,64.0,0.0
2013-07-10,64.0,0.0
2013-07-17,64.0,0.0
2013-07-24,64.0,0.0
2013-07-31,64.0,0.0
2013-08-07,64.0,0.0
2013-08-14,64.0,0.0
2013-08-21,64.0,0.0
2013-08-28,64.0,0.0
2013-09-04,64.0,0.0
2013-09-11,64.0,0.0
2013-09-18,64.0,0.0
2013-09-25,64.0,0.0
2013-10-02,64.0,0.0
2013-10-09,64.0,0.0
2013-10-16,64.0,0.0
2013-10-23,64.0,0.0
2013-10-30,64.0,0.0
2013-11-06,64.0,0.0
2013-11-13,64.0,0.0
2013-11-20,63.0,-1.0
2013-11-27,63.0,0.0
2013-12-04,63.0,0.0
2013-12-11,63.0,0.0
2013-12-18,63.0,0.0
2013-12-25,63.0,0.0
2014-01-01,63.0,0.0
2014-01-08,63.0,0.0
2014-01-15,63.0,0.0
2014-01-22,63.0,0.0
2014-01-29,63.0,0.0
2014-02-05,63.0,0.0
2014-02-12,63.0,0.0
2014-02-19,63.0,0.0
2014-02-26,63.0,0.0
2014-03-05,63.0,0.0
2014-03-12,63.0,0.0
2014-03-19,63.0,0.0
2014-03-26,63.0,0.0
2014-04-02,63.0,0.0
2014-04-09,63.0,0.0
2014-04-16,63.0,0.0
2014-04-23,63.0,0.0
2014-04-30,63.0,0.0
2014-05-07,63.0,0.0
2014-05-14,63.0,0.0
2014-05-21,63.0,0.0
2014-05-28,63.0,0.0
2014-06-04,63.0,0.0
2014-06-11,63.0,0.0
2014-06-18,63.0,0.0
2014-06-25,63.0,0.0
2014-07-02,63.0,0.0
2014-07-09,63.0,0.0
2014-07-16,63.0,0.0
2014-07-23,63.0,0.0
2014-07-30,63.0,0.0
2014-08-06,63.0,0.0
2014-08-13,63.0,0.0
2014-08-20,63.0,0.0
2014-08-27,63.0,0.0
2014-09-03,63.0,0.0
2014-09-10,63.0,0.0
2014-09-17,0.0,-63.0
2014-09-24,0.0,0.0
2014-10-01,0.0,0.0
2014-10-08,0.0,0.0
2014-10-15,0.0,0.0
2014-10-22,0.0,0.0
2014-10-29,0.0,0.0
2014-11-05,0.0,0.0
2014-11-12,0.0,0.0
2014-11-19,0.0,0.0
2014-11-26,0.0,0.0
2014-12-03,0.0,0.0
2014-12-10,0.0,0.0
2014-12-17,0.0,0.0
2014-12-24,0.0,0.0
2014-12-31,0.0,0.0
2015-01-07,0.0,0.0
2015-01-14,0.0,0.0
2015-01-21,0.0,0.0
2015-01-28,0.0,0.0
2015-02-04,0.0,0.0
2015-02-11,0.0,0.0
2015-02-18,0.0,0.0
2015-02-25,0.0,0.0
2015-03-04,0.0,0.0
2015-03-11,0.0,0.0
2015-03-18,0.0,0.0
2015-03-25,0.0,0.0
2015-04-01,0.0,0.0
2015-04-08,0.0,0.0
2015-04-15,0.0,0.0
2015-04-22,0.0,0.0
2015-04-29,0.0,0.0
2015-05-06,0.0,0.0
2015-05-13,0.0,0.0
2015-05-20,0.0,0.0
2015-05-27,0.0,0.0
2015-06-03,0.0,0.0
2015-06-10,0.0,0.0
2015-06-17,0.0,0.0
2015-06-24,0.0,0.0
2015-07-01,0.0,0.0
2015-07-08,0.0,0.0
2015-07-15,0.0,0.0
2015-07-22,0.0,0.0
2015-07-29,0.0,0.0
