Date,Values,Delta Calculations
2002-12-18,360.0, 
2002-12-25,367.0,7.0
2003-01-01,370.0,3.0
2003-01-08,369.0,-1.0
2003-01-15,369.0,0.0
2003-01-22,360.0,-9.0
2003-01-29,361.0,1.0
2003-02-05,356.0,-5.0
2003-02-12,360.0,4.0
2003-02-19,348.0,-12.0
2003-02-26,343.0,-5.0
2003-03-05,354.0,11.0
2003-03-12,367.0,13.0
2003-03-19,398.0,31.0
2003-03-26,373.0,-25.0
2003-04-02,353.0,-20.0
2003-04-09,357.0,4.0
2003-04-16,361.0,4.0
2003-04-23,352.0,-9.0
2003-04-30,340.0,-12.0
2003-05-07,342.0,2.0
2003-05-14,349.0,7.0
2003-05-21,356.0,7.0
2003-05-28,375.0,19.0
2003-06-04,385.0,10.0
2003-06-11,381.0,-4.0
2003-06-18,368.0,-13.0
2003-06-25,365.0,-3.0
2003-07-02,327.0,-38.0
2003-07-09,327.0,0.0
2003-07-16,329.0,2.0
2003-07-23,339.0,10.0
2003-07-30,364.0,25.0
2003-08-06,371.0,7.0
2003-08-13,358.0,-13.0
2003-08-20,338.0,-20.0
2003-08-27,335.0,-3.0
2003-09-03,338.0,3.0
2003-09-10,333.0,-5.0
2003-09-17,335.0,2.0
2003-09-24,341.0,6.0
2003-10-01,356.0,15.0
2003-10-08,371.0,15.0
2003-10-15,387.0,16.0
2003-10-22,400.0,13.0
2003-10-29,390.0,-10.0
2003-11-05,379.0,-11.0
2003-11-12,348.0,-31.0
2003-11-19,305.0,-43.0
2003-11-26,324.0,19.0
2003-12-03,326.0,2.0
2003-12-10,324.0,-2.0
2003-12-17,319.0,-5.0
2003-12-24,319.0,0.0
2003-12-31,321.0,2.0
2004-01-07,323.0,2.0
2004-01-14,332.0,9.0
2004-01-21,343.0,11.0
2004-01-28,356.0,13.0
2004-02-04,355.0,-1.0
2004-02-11,336.0,-19.0
2004-02-18,323.0,-13.0
2004-02-25,318.0,-5.0
2004-03-03,314.0,-4.0
2004-03-10,320.0,6.0
2004-03-17,338.0,18.0
2004-03-24,347.0,9.0
2004-03-31,366.0,19.0
2004-04-07,346.0,-20.0
2004-04-14,340.0,-6.0
2004-04-21,328.0,-12.0
2004-04-28,321.0,-7.0
2004-05-05,308.0,-13.0
2004-05-12,323.0,15.0
2004-05-19,332.0,9.0
2004-05-26,320.0,-12.0
2004-06-02,323.0,3.0
2004-06-09,326.0,3.0
2004-06-16,316.0,-10.0
2004-06-23,307.0,-9.0
2004-06-30,303.0,-4.0
2004-07-07,302.0,-1.0
2004-07-14,302.0,0.0
2004-07-21,290.0,-12.0
2004-07-28,283.0,-7.0
2004-08-04,287.0,4.0
2004-08-11,304.0,17.0
2004-08-18,320.0,16.0
2004-08-25,330.0,10.0
2004-09-01,320.0,-10.0
2004-09-08,323.0,3.0
2004-09-15,314.0,-9.0
2004-09-22,300.0,-14.0
2004-09-29,291.0,-9.0
2004-10-06,295.0,4.0
2004-10-13,299.0,4.0
2004-10-20,302.0,3.0
2004-10-27,299.0,-3.0
2004-11-03,303.0,4.0
2004-11-10,300.0,-3.0
2004-11-17,295.0,-5.0
2004-11-24,283.0,-12.0
2004-12-01,259.0,-24.0
2004-12-08,279.0,20.0
2004-12-15,263.0,-16.0
2004-12-22,268.0,5.0
2004-12-29,270.0,2.0
2005-01-05,276.0,6.0
2005-01-12,250.0,-26.0
2005-01-19,296.0,46.0
2005-01-26,269.0,-27.0
2005-02-02,291.0,22.0
2005-02-09,282.0,-9.0
2005-02-16,270.0,-12.0
2005-02-23,263.0,-7.0
2005-03-02,257.0,-6.0
2005-03-09,252.0,-5.0
2005-03-16,254.0,2.0
2005-03-23,274.0,20.0
2005-03-30,284.0,10.0
2005-04-06,277.0,-7.0
2005-04-13,270.0,-7.0
2005-04-20,261.0,-9.0
2005-04-27,258.0,-3.0
2005-05-04,254.0,-4.0
2005-05-11,254.0,0.0
2005-05-18,260.0,6.0
2005-05-25,275.0,15.0
2005-06-01,288.0,13.0
2005-06-08,282.0,-6.0
2005-06-15,271.0,-11.0
2005-06-22,245.0,-26.0
2005-06-29,237.0,-8.0
2005-07-06,237.0,0.0
2005-07-13,235.0,-2.0
2005-07-20,243.0,8.0
2005-07-27,252.0,9.0
2005-08-03,245.0,-7.0
2005-08-10,250.0,5.0
2005-08-17,250.0,0.0
2005-08-24,267.0,17.0
2005-08-31,262.0,-5.0
2005-09-07,255.0,-7.0
2005-09-14,252.0,-3.0
2005-09-21,254.0,2.0
2005-09-28,237.0,-17.0
2005-10-05,221.0,-16.0
2005-10-12,218.0,-3.0
2005-10-19,221.0,3.0
2005-10-26,211.0,-10.0
2005-11-02,225.0,14.0
2005-11-09,221.0,-4.0
2005-11-16,211.0,-10.0
2005-11-23,204.0,-7.0
2005-11-30,204.0,0.0
2005-12-07,199.0,-5.0
2005-12-14,198.0,-1.0
2005-12-21,203.0,5.0
2005-12-28,202.0,-1.0
2006-01-04,202.0,0.0
2006-01-11,211.0,9.0
2006-01-18,207.0,-4.0
2006-01-25,216.0,9.0
2006-02-01,208.0,-8.0
2006-02-08,199.0,-9.0
2006-02-15,193.0,-6.0
2006-02-22,185.0,-8.0
2006-03-01,186.0,1.0
2006-03-08,193.0,7.0
2006-03-15,197.0,4.0
2006-03-22,204.0,7.0
2006-03-29,209.0,5.0
2006-04-05,198.0,-11.0
2006-04-12,209.0,11.0
2006-04-19,202.0,-7.0
2006-04-26,182.0,-20.0
2006-05-03,177.0,-5.0
2006-05-10,180.0,3.0
2006-05-17,185.0,5.0
2006-05-24,187.0,2.0
2006-05-31,196.0,9.0
2006-06-07,205.0,9.0
2006-06-14,205.0,0.0
2006-06-21,196.0,-9.0
2006-06-28,174.0,-22.0
2006-07-05,167.0,-7.0
2006-07-12,163.0,-4.0
2006-07-19,160.0,-3.0
2006-07-26,148.0,-12.0
2006-08-02,157.0,9.0
2006-08-09,160.0,3.0
2006-08-16,157.0,-3.0
2006-08-23,170.0,13.0
2006-08-30,171.0,1.0
2006-09-06,177.0,6.0
2006-09-13,166.0,-11.0
2006-09-20,160.0,-6.0
2006-09-27,150.0,-10.0
2006-10-04,154.0,4.0
2006-10-11,163.0,9.0
2006-10-18,180.0,17.0
2006-10-25,179.0,-1.0
2006-11-01,191.0,12.0
2006-11-08,183.0,-8.0
2006-11-15,177.0,-6.0
2006-11-22,163.0,-14.0
2006-11-29,164.0,1.0
2006-12-06,176.0,12.0
2006-12-13,201.0,25.0
2006-12-20,227.0,26.0
2006-12-27,252.0,25.0
2007-01-03,263.0,11.0
2007-01-10,245.0,-18.0
2007-01-17,221.0,-24.0
2007-01-24,216.0,-5.0
2007-01-31,175.0,-41.0
2007-02-07,196.0,21.0
2007-02-14,211.0,15.0
2007-02-21,200.0,-11.0
2007-02-28,204.0,4.0
2007-03-07,217.0,13.0
2007-03-14,231.0,14.0
2007-03-21,270.0,39.0
2007-03-28,301.0,31.0
2007-04-04,344.0,43.0
2007-04-11,318.0,-26.0
2007-04-18,305.0,-13.0
2007-04-25,299.0,-6.0
2007-05-02,275.0,-24.0
2007-05-09,231.0,-44.0
2007-05-16,263.0,32.0
2007-05-23,280.0,17.0
2007-05-30,286.0,6.0
2007-06-06,295.0,9.0
2007-06-13,303.0,8.0
2007-06-20,292.0,-11.0
2007-06-27,306.0,14.0
2007-07-04,323.0,17.0
2007-07-11,356.0,33.0
2007-07-18,320.0,-36.0
2007-07-25,300.0,-20.0
2007-08-01,243.0,-57.0
2007-08-08,257.0,14.0
2007-08-15,276.0,19.0
2007-08-22,306.0,30.0
2007-08-29,329.0,23.0
2007-09-05,343.0,14.0
2007-09-12,340.0,-3.0
2007-09-19,333.0,-7.0
2007-09-26,336.0,3.0
2007-10-03,340.0,4.0
2007-10-10,337.0,-3.0
2007-10-17,324.0,-13.0
2007-10-24,310.0,-14.0
2007-10-31,301.0,-9.0
2007-11-07,278.0,-23.0
2007-11-14,276.0,-2.0
2007-11-21,268.0,-8.0
2007-11-28,266.0,-2.0
2007-12-05,257.0,-9.0
2007-12-12,247.0,-10.0
2007-12-19,246.0,-1.0
2007-12-26,259.0,13.0
2008-01-02,263.0,4.0
2008-01-09,270.0,7.0
2008-01-16,286.0,16.0
2008-01-23,304.0,18.0
2008-01-30,288.0,-16.0
2008-02-06,276.0,-12.0
2008-02-13,270.0,-6.0
2008-02-20,262.0,-8.0
2008-02-27,261.0,-1.0
2008-03-05,260.0,-1.0
2008-03-12,270.0,10.0
2008-03-19,291.0,21.0
2008-03-26,331.0,40.0
2008-04-02,354.0,23.0
2008-04-09,357.0,3.0
2008-04-16,356.0,-1.0
2008-04-23,322.0,-34.0
2008-04-30,281.0,-41.0
2008-05-07,256.0,-25.0
2008-05-14,247.0,-9.0
2008-05-21,272.0,25.0
2008-05-28,282.0,10.0
2008-06-04,272.0,-10.0
2008-06-11,280.0,8.0
2008-06-18,276.0,-4.0
2008-06-25,279.0,3.0
2008-07-02,275.0,-4.0
2008-07-09,280.0,5.0
2008-07-16,272.0,-8.0
2008-07-23,312.0,40.0
2008-07-30,318.0,6.0
2008-08-06,298.0,-20.0
2008-08-13,296.0,-2.0
2008-08-20,306.0,10.0
2008-08-27,281.0,-25.0
2008-09-03,276.0,-5.0
2008-09-10,268.0,-8.0
2008-09-17,261.0,-7.0
2008-09-24,270.0,9.0
2008-10-01,260.0,-10.0
2008-10-08,276.0,16.0
2008-10-15,278.0,2.0
2008-10-22,268.0,-10.0
2008-10-29,272.0,4.0
2008-11-05,264.0,-8.0
2008-11-12,251.0,-13.0
2008-11-19,242.0,-9.0
2008-11-26,241.0,-1.0
2008-12-03,243.0,2.0
2008-12-10,226.0,-17.0
2008-12-17,233.0,7.0
2008-12-24,249.0,16.0
2008-12-31,259.0,10.0
2009-01-07,267.0,8.0
2009-01-14,272.0,5.0
2009-01-21,286.0,14.0
2009-01-28,297.0,11.0
2009-02-04,274.0,-23.0
2009-02-11,269.0,-5.0
2009-02-18,277.0,8.0
2009-02-25,282.0,5.0
2009-03-04,295.0,13.0
2009-03-11,305.0,10.0
2009-03-18,310.0,5.0
2009-03-25,310.0,0.0
2009-04-01,315.0,5.0
2009-04-08,321.0,6.0
2009-04-15,333.0,12.0
2009-04-22,327.0,-6.0
2009-04-29,311.0,-16.0
2009-05-06,290.0,-21.0
2009-05-13,291.0,1.0
2009-05-20,297.0,6.0
2009-05-27,301.0,4.0
2009-06-03,298.0,-3.0
2009-06-10,303.0,5.0
2009-06-17,313.0,10.0
2009-06-24,318.0,5.0
2009-07-01,339.0,21.0
2009-07-08,347.0,8.0
2009-07-15,349.0,2.0
2009-07-22,337.0,-12.0
2009-07-29,302.0,-35.0
2009-08-05,290.0,-12.0
2009-08-12,258.0,-32.0
2009-08-19,276.0,18.0
2009-08-26,255.0,-21.0
2009-09-02,255.0,0.0
2009-09-09,265.0,10.0
2009-09-16,277.0,12.0
2009-09-23,287.0,10.0
2009-09-30,293.0,6.0
2009-10-07,295.0,2.0
2009-10-14,303.0,8.0
2009-10-21,289.0,-14.0
2009-10-28,257.0,-32.0
2009-11-04,245.0,-12.0
2009-11-11,236.0,-9.0
2009-11-18,232.0,-4.0
2009-11-25,233.0,1.0
2009-12-02,228.0,-5.0
2009-12-09,218.0,-10.0
2009-12-16,228.0,10.0
2009-12-23,232.0,4.0
2009-12-30,239.0,7.0
2010-01-06,252.0,13.0
2010-01-13,254.0,2.0
2010-01-20,251.0,-3.0
2010-01-27,233.0,-18.0
2010-02-03,205.0,-28.0
2010-02-10,206.0,1.0
2010-02-17,204.0,-2.0
2010-02-24,200.0,-4.0
2010-03-03,205.0,5.0
2010-03-10,201.0,-4.0
2010-03-17,218.0,17.0
2010-03-24,224.0,6.0
2010-03-31,223.0,-1.0
2010-04-07,204.0,-19.0
2010-04-14,234.0,30.0
2010-04-21,218.0,-16.0
2010-04-28,202.0,-16.0
2010-05-05,185.0,-17.0
2010-05-12,186.0,1.0
2010-05-19,194.0,8.0
2010-05-26,205.0,11.0
2010-06-02,212.0,7.0
2010-06-09,211.0,-1.0
2010-06-16,220.0,9.0
2010-06-23,229.0,9.0
2010-06-30,233.0,4.0
2010-07-07,246.0,13.0
2010-07-14,246.0,0.0
2010-07-21,228.0,-18.0
2010-07-28,212.0,-16.0
2010-08-04,198.0,-14.0
2010-08-11,207.0,9.0
2010-08-18,218.0,11.0
2010-08-25,239.0,21.0
2010-09-01,247.0,8.0
2010-09-08,241.0,-6.0
2010-09-15,247.0,6.0
2010-09-22,229.0,-18.0
2010-09-29,237.0,8.0
2010-10-06,223.0,-14.0
2010-10-13,236.0,13.0
2010-10-20,226.0,-10.0
2010-10-27,188.0,-38.0
2010-11-03,176.0,-12.0
2010-11-10,164.0,-12.0
2010-11-17,193.0,29.0
2010-11-24,197.0,4.0
2010-12-01,195.0,-2.0
2010-12-08,185.0,-10.0
2010-12-15,177.0,-8.0
2010-12-22,185.0,8.0
2010-12-29,177.0,-8.0
2011-01-05,180.0,3.0
2011-01-12,194.0,14.0
2011-01-19,203.0,9.0
2011-01-26,176.0,-27.0
2011-02-02,179.0,3.0
2011-02-09,179.0,0.0
2011-02-16,181.0,2.0
2011-02-23,185.0,4.0
2011-03-02,194.0,9.0
2011-03-09,203.0,9.0
2011-03-16,210.0,7.0
2011-03-23,213.0,3.0
2011-03-30,209.0,-4.0
2011-04-06,218.0,9.0
2011-04-13,207.0,-11.0
2011-04-20,192.0,-15.0
2011-04-27,163.0,-29.0
2011-05-04,151.0,-12.0
2011-05-11,150.0,-1.0
2011-05-18,140.0,-10.0
2011-05-25,144.0,4.0
2011-06-01,133.0,-11.0
2011-06-08,136.0,3.0
2011-06-15,132.0,-4.0
2011-06-22,127.0,-5.0
2011-06-29,147.0,20.0
2011-07-06,137.0,-10.0
2011-07-13,156.0,19.0
2011-07-20,134.0,-22.0
2011-07-27,113.0,-21.0
2011-08-03,129.0,16.0
2011-08-10,113.0,-16.0
2011-08-17,114.0,1.0
2011-08-24,131.0,17.0
2011-08-31,126.0,-5.0
2011-09-07,109.0,-17.0
2011-09-14,109.0,0.0
2011-09-21,113.0,4.0
2011-09-28,124.0,11.0
2011-10-05,130.0,6.0
2011-10-12,142.0,12.0
2011-10-19,145.0,3.0
2011-10-26,124.0,-21.0
2011-11-02,111.0,-13.0
2011-11-09,112.0,1.0
2011-11-16,106.0,-6.0
2011-11-23,102.0,-4.0
2011-11-30,108.0,6.0
2011-12-07,114.0,6.0
2011-12-14,116.0,2.0
2011-12-21,120.0,4.0
2011-12-28,128.0,8.0
2012-01-04,132.0,4.0
2012-01-11,135.0,3.0
2012-01-18,145.0,10.0
2012-01-25,143.0,-2.0
2012-02-01,143.0,0.0
2012-02-08,148.0,5.0
2012-02-15,157.0,9.0
2012-02-22,160.0,3.0
2012-02-29,161.0,1.0
2012-03-07,166.0,5.0
2012-03-14,163.0,-3.0
2012-03-21,160.0,-3.0
2012-03-28,150.0,-10.0
2012-04-04,143.0,-7.0
2012-04-11,139.0,-4.0
2012-04-18,141.0,2.0
2012-04-25,140.0,-1.0
2012-05-02,139.0,-1.0
2012-05-09,136.0,-3.0
2012-05-16,133.0,-3.0
2012-05-23,141.0,8.0
2012-05-30,147.0,6.0
2012-06-06,142.0,-5.0
2012-06-13,137.0,-5.0
2012-06-20,121.0,-16.0
2012-06-27,117.0,-4.0
2012-07-04,117.0,0.0
2012-07-11,116.0,-1.0
2012-07-18,117.0,1.0
2012-07-25,121.0,4.0
2012-08-01,123.0,2.0
2012-08-08,128.0,5.0
2012-08-15,129.0,1.0
2012-08-22,127.0,-2.0
2012-08-29,118.0,-9.0
2012-09-05,120.0,2.0
2012-09-12,108.0,-12.0
2012-09-19,109.0,1.0
2012-09-26,122.0,13.0
2012-10-03,129.0,7.0
2012-10-10,132.0,3.0
2012-10-17,134.0,2.0
2012-10-24,142.0,8.0
2012-10-31,146.0,4.0
2012-11-07,151.0,5.0
2012-11-14,143.0,-8.0
2012-11-21,140.0,-3.0
2012-11-28,147.0,7.0
2012-12-05,145.0,-2.0
2012-12-12,143.0,-2.0
2012-12-19,148.0,5.0
2012-12-26,150.0,2.0
2013-01-02,155.0,5.0
2013-01-09,167.0,12.0
2013-01-16,174.0,7.0
2013-01-23,183.0,9.0
2013-01-30,190.0,7.0
2013-02-06,194.0,4.0
2013-02-13,197.0,3.0
2013-02-20,206.0,9.0
2013-02-27,218.0,12.0
2013-03-06,225.0,7.0
2013-03-13,222.0,-3.0
2013-03-20,225.0,3.0
2013-03-27,231.0,6.0
2013-04-03,219.0,-12.0
2013-04-10,200.0,-19.0
2013-04-17,182.0,-18.0
2013-04-24,186.0,4.0
2013-05-01,183.0,-3.0
2013-05-08,172.0,-11.0
2013-05-15,162.0,-10.0
2013-05-22,152.0,-10.0
2013-05-29,152.0,0.0
2013-06-05,137.0,-15.0
2013-06-12,127.0,-10.0
2013-06-19,116.0,-11.0
2013-06-26,121.0,5.0
2013-07-03,127.0,6.0
2013-07-10,118.0,-9.0
2013-07-17,127.0,9.0
2013-07-24,135.0,8.0
2013-07-31,144.0,9.0
2013-08-07,151.0,7.0
2013-08-14,152.0,1.0
2013-08-21,146.0,-6.0
2013-08-28,140.0,-6.0
2013-09-04,141.0,1.0
2013-09-11,143.0,2.0
2013-09-18,152.0,9.0
2013-09-25,167.0,15.0
2013-10-02,178.0,11.0
2013-10-09,179.0,1.0
2013-10-16,183.0,4.0
2013-10-23,195.0,12.0
2013-10-30,206.0,11.0
2013-11-06,209.0,3.0
2013-11-13,207.0,-2.0
2013-11-20,214.0,7.0
2013-11-27,224.0,10.0
2013-12-04,230.0,6.0
2013-12-11,226.0,-4.0
2013-12-18,229.0,3.0
2013-12-25,234.0,5.0
2014-01-01,236.0,2.0
2014-01-08,239.0,3.0
2014-01-15,254.0,15.0
2014-01-22,262.0,8.0
2014-01-29,260.0,-2.0
2014-02-05,266.0,6.0
2014-02-12,268.0,2.0
2014-02-19,269.0,1.0
2014-02-26,269.0,0.0
2014-03-05,271.0,2.0
2014-03-12,278.0,7.0
2014-03-19,275.0,-3.0
2014-03-26,279.0,4.0
2014-04-02,269.0,-10.0
2014-04-09,230.0,-39.0
2014-04-16,238.0,8.0
2014-04-23,237.0,-1.0
2014-04-30,229.0,-8.0
2014-05-07,219.0,-10.0
2014-05-14,205.0,-14.0
2014-05-21,206.0,1.0
2014-05-28,186.0,-20.0
2014-06-04,190.0,4.0
2014-06-11,181.0,-9.0
2014-06-18,164.0,-17.0
2014-06-25,146.0,-18.0
2014-07-02,149.0,3.0
2014-07-09,143.0,-6.0
2014-07-16,138.0,-5.0
2014-07-23,136.0,-2.0
2014-07-30,140.0,4.0
2014-08-06,156.0,16.0
2014-08-13,154.0,-2.0
2014-08-20,161.0,7.0
2014-08-27,161.0,0.0
2014-09-03,165.0,4.0
2014-09-10,164.0,-1.0
2014-09-17,165.0,1.0
2014-09-24,159.0,-6.0
2014-10-01,185.0,26.0
2014-10-08,193.0,8.0
2014-10-15,195.0,2.0
2014-10-22,197.0,2.0
2014-10-29,203.0,6.0
2014-11-05,197.0,-6.0
2014-11-12,194.0,-3.0
2014-11-19,184.0,-10.0
2014-11-26,189.0,5.0
2014-12-03,193.0,4.0
2014-12-10,187.0,-6.0
2014-12-17,190.0,3.0
2014-12-24,197.0,7.0
2014-12-31,201.0,4.0
2015-01-07,204.0,3.0
2015-01-14,203.0,-1.0
2015-01-21,219.0,16.0
2015-01-28,202.0,-17.0
2015-02-04,202.0,0.0
2015-02-11,205.0,3.0
2015-02-18,227.0,22.0
2015-02-25,216.0,-11.0
2015-03-04,213.0,-3.0
2015-03-11,210.0,-3.0
2015-03-18,197.0,-13.0
2015-03-25,196.0,-1.0
2015-04-01,245.0,49.0
2015-04-08,230.0,-15.0
2015-04-15,234.0,4.0
2015-04-22,222.0,-12.0
2015-04-29,229.0,7.0
2015-05-06,227.0,-2.0
2015-05-13,198.0,-29.0
2015-05-20,175.0,-23.0
2015-05-27,160.0,-15.0
2015-06-03,204.0,44.0
2015-06-10,134.0,-70.0
2015-06-17,135.0,1.0
2015-06-24,102.0,-33.0
2015-07-01,85.0,-17.0
2015-07-08,78.0,-7.0
2015-07-15,96.0,18.0
2015-07-22,95.0,-1.0
2015-07-29,107.0,12.0
