Date,Values,Delta Calculations
2007-07-04,10827.0, 
2007-07-11,10222.0,-605.0
2007-07-18,9832.0,-390.0
2007-07-25,10092.0,260.0
2007-08-01,10360.0,268.0
2007-08-08,10530.0,170.0
2007-08-15,11699.0,1169.0
2007-08-22,12526.0,827.0
2007-08-29,12123.0,-403.0
2007-09-05,12923.0,800.0
2007-09-12,12331.0,-592.0
2007-09-19,12175.0,-156.0
2007-09-26,12651.0,476.0
2007-10-03,11942.0,-709.0
2007-10-10,11938.0,-4.0
2007-10-17,11662.0,-276.0
2007-10-24,12186.0,524.0
2007-10-31,11836.0,-350.0
2007-11-07,12091.0,255.0
2007-11-14,11938.0,-153.0
2007-11-21,9921.0,-2017.0
2007-11-28,9746.0,-175.0
2007-12-05,9716.0,-30.0
2007-12-12,10289.0,573.0
2007-12-19,11057.0,768.0
2007-12-26,11057.0,0.0
2008-01-02,11007.0,-50.0
2008-01-09,11207.0,200.0
2008-01-16,11278.0,71.0
2008-01-23,11485.0,207.0
2008-01-30,14227.0,2742.0
2008-02-06,14114.0,-113.0
2008-02-13,13888.0,-226.0
2008-02-20,13922.0,34.0
2008-02-27,14879.0,957.0
2008-03-05,14454.0,-425.0
2008-03-12,14951.0,497.0
2008-03-19,15101.0,150.0
2008-03-26,15271.0,170.0
2008-04-02,14833.0,-438.0
2008-04-09,14620.0,-213.0
2008-04-16,14491.0,-129.0
2008-04-23,14554.0,63.0
2008-04-30,14606.0,52.0
2008-05-07,14038.0,-568.0
2008-05-14,13563.0,-475.0
2008-05-21,13727.0,164.0
2008-05-28,13876.0,149.0
2008-06-04,13151.0,-725.0
2008-06-11,13741.0,590.0
2008-06-18,13948.0,207.0
2008-06-25,14042.0,94.0
2008-07-02,13967.0,-75.0
2008-07-09,13892.0,-75.0
2008-07-16,13882.0,-10.0
2008-07-23,13792.0,-90.0
2008-07-30,13775.0,-17.0
2008-08-06,13797.0,22.0
2008-08-13,14337.0,540.0
2008-08-20,14730.0,393.0
2008-08-27,14858.0,128.0
2008-09-03,15082.0,224.0
2008-09-10,15172.0,90.0
2008-09-17,15042.0,-130.0
2008-09-24,14992.0,-50.0
2008-10-01,15367.0,375.0
2008-10-08,15115.0,-252.0
2008-10-15,15310.0,195.0
2008-10-22,17325.0,2015.0
2008-10-29,17825.0,500.0
2008-11-05,17296.0,-529.0
2008-11-12,16896.0,-400.0
2008-11-19,17229.0,333.0
2008-11-26,17679.0,450.0
2008-12-03,16458.0,-1221.0
2008-12-10,16245.0,-213.0
2008-12-17,16802.0,557.0
2008-12-24,17552.0,750.0
2008-12-31,17577.0,25.0
2009-01-07,17782.0,205.0
2009-01-14,17818.0,36.0
2009-01-21,18143.0,325.0
2009-01-28,18327.0,184.0
2009-02-04,18542.0,215.0
2009-02-11,18862.0,320.0
2009-02-18,18601.0,-261.0
2009-02-25,18184.0,-417.0
2009-03-04,17666.0,-518.0
2009-03-11,18396.0,730.0
2009-03-18,17835.0,-561.0
2009-03-25,18116.0,281.0
2009-04-01,19531.0,1415.0
2009-04-08,19583.0,52.0
2009-04-15,19613.0,30.0
2009-04-22,21401.0,1788.0
2009-04-29,21004.0,-397.0
2009-05-06,20398.0,-606.0
2009-05-13,20368.0,-30.0
2009-05-20,20365.0,-3.0
2009-05-27,20054.0,-311.0
2009-06-03,19164.0,-890.0
2009-06-10,19066.0,-98.0
2009-06-17,19020.0,-46.0
2009-06-24,19275.0,255.0
2009-07-01,18259.0,-1016.0
2009-07-08,18191.0,-68.0
2009-07-15,18041.0,-150.0
2009-07-22,17987.0,-54.0
2009-07-29,18597.0,610.0
2009-08-05,18152.0,-445.0
2009-08-12,17691.0,-461.0
2009-08-19,17886.0,195.0
2009-08-26,17516.0,-370.0
2009-09-02,16877.0,-639.0
2009-09-09,17627.0,750.0
2009-09-16,20710.0,3083.0
2009-09-23,20941.0,231.0
2009-09-30,20720.0,-221.0
2009-10-07,19968.0,-752.0
2009-10-14,19628.0,-340.0
2009-10-21,18854.0,-774.0
2009-10-28,18660.0,-194.0
2009-11-04,18647.0,-13.0
2009-11-11,18509.0,-138.0
2009-11-18,18706.0,197.0
2009-11-25,19174.0,468.0
2009-12-02,19002.0,-172.0
2009-12-09,18794.0,-208.0
2009-12-16,18264.0,-530.0
2009-12-23,18146.0,-118.0
2009-12-30,17916.0,-230.0
2010-01-06,17441.0,-475.0
2010-01-13,17562.0,121.0
2010-01-20,18742.0,1180.0
2010-01-27,18835.0,93.0
2010-02-03,18583.0,-252.0
2010-02-10,19108.0,525.0
2010-02-17,19149.0,41.0
2010-02-24,19150.0,1.0
2010-03-03,18592.0,-558.0
2010-03-10,18574.0,-18.0
2010-03-17,18495.0,-79.0
2010-03-24,18915.0,420.0
2010-03-31,19265.0,350.0
2010-04-07,19217.0,-48.0
2010-04-14,18565.0,-652.0
2010-04-21,19051.0,486.0
2010-04-28,19796.0,745.0
2010-05-05,19298.0,-498.0
2010-05-12,19520.0,222.0
2010-05-19,19484.0,-36.0
2010-05-26,20546.0,1062.0
2010-06-02,21854.0,1308.0
2010-06-09,23205.0,1351.0
2010-06-16,24669.0,1464.0
2010-06-23,25510.0,841.0
2010-06-30,26622.0,1112.0
2010-07-07,26015.0,-607.0
2010-07-14,26558.0,543.0
2010-07-21,26904.0,346.0
2010-07-28,27096.0,192.0
2010-08-04,27017.0,-79.0
2010-08-11,28233.0,1216.0
2010-08-18,29104.0,871.0
2010-08-25,29599.0,495.0
2010-09-01,30103.0,504.0
2010-09-08,30613.0,510.0
2010-09-15,30502.0,-111.0
2010-09-22,31154.0,652.0
2010-09-29,31668.0,514.0
2010-10-06,31753.0,85.0
2010-10-13,31858.0,105.0
2010-10-20,32316.0,458.0
2010-10-27,33141.0,825.0
2010-11-03,32912.0,-229.0
2010-11-10,33275.0,363.0
2010-11-17,33335.0,60.0
2010-11-24,34011.0,676.0
2010-12-01,33201.0,-810.0
2010-12-08,33876.0,675.0
2010-12-15,33384.0,-492.0
2010-12-22,33543.0,159.0
2010-12-29,33554.0,11.0
2011-01-05,33424.0,-130.0
2011-01-12,33184.0,-240.0
2011-01-19,33322.0,138.0
2011-01-26,33491.0,169.0
2011-02-02,34417.0,926.0
2011-02-09,34418.0,1.0
2011-02-16,34453.0,35.0
2011-02-23,34761.0,308.0
2011-03-02,34213.0,-548.0
2011-03-09,34146.0,-67.0
2011-03-16,33665.0,-481.0
2011-03-23,33520.0,-145.0
2011-03-30,32970.0,-550.0
2011-04-06,32945.0,-25.0
2011-04-13,33566.0,621.0
2011-04-20,33527.0,-39.0
2011-04-27,33567.0,40.0
2011-05-04,33187.0,-380.0
2011-05-11,33151.0,-36.0
2011-05-18,32534.0,-617.0
2011-05-25,32761.0,227.0
2011-06-01,32438.0,-323.0
2011-06-08,31619.0,-819.0
2011-06-15,31425.0,-194.0
2011-06-22,31475.0,50.0
2011-06-29,31508.0,33.0
2011-07-06,31038.0,-470.0
2011-07-13,31281.0,243.0
2011-07-20,31874.0,593.0
2011-07-27,32172.0,298.0
2011-08-03,32230.0,58.0
2011-08-10,32580.0,350.0
2011-08-17,32470.0,-110.0
2011-08-24,32863.0,393.0
2011-08-31,33617.0,754.0
2011-09-07,33618.0,1.0
2011-09-14,32700.0,-918.0
2011-09-21,32315.0,-385.0
2011-09-28,31805.0,-510.0
2011-10-05,31567.0,-238.0
2011-10-12,31654.0,87.0
2011-10-19,32198.0,544.0
2011-10-26,32891.0,693.0
2011-11-02,33264.0,373.0
2011-11-09,33527.0,263.0
2011-11-16,32897.0,-630.0
2011-11-23,32855.0,-42.0
2011-11-30,33329.0,474.0
2011-12-07,33919.0,590.0
2011-12-14,34500.0,581.0
2011-12-21,34829.0,329.0
2011-12-28,34804.0,-25.0
2012-01-04,34799.0,-5.0
2012-01-11,34728.0,-71.0
2012-01-18,34832.0,104.0
2012-01-25,36250.0,1418.0
2012-02-01,36325.0,75.0
2012-02-08,36369.0,44.0
2012-02-15,37782.0,1413.0
2012-02-22,37854.0,72.0
2012-02-29,37860.0,6.0
2012-03-07,37775.0,-85.0
2012-03-14,37922.0,147.0
2012-03-21,38258.0,336.0
2012-03-28,38578.0,320.0
2012-04-04,36827.0,-1751.0
2012-04-11,36907.0,80.0
2012-04-18,37094.0,187.0
2012-04-25,37432.0,338.0
2012-05-02,37263.0,-169.0
2012-05-09,37116.0,-147.0
2012-05-16,37255.0,139.0
2012-05-23,37405.0,150.0
2012-05-30,37788.0,383.0
2012-06-06,37866.0,78.0
2012-06-13,37685.0,-181.0
2012-06-20,37442.0,-243.0
2012-06-27,37396.0,-46.0
2012-07-04,37558.0,162.0
2012-07-11,37583.0,25.0
2012-07-18,37358.0,-225.0
2012-07-25,37910.0,552.0
2012-08-01,38064.0,154.0
2012-08-08,38134.0,70.0
2012-08-15,38390.0,256.0
2012-08-22,38373.0,-17.0
2012-08-29,38780.0,407.0
2012-09-05,38551.0,-229.0
2012-09-12,38394.0,-157.0
2012-09-19,38674.0,280.0
2012-09-26,38020.0,-654.0
2012-10-03,37947.0,-73.0
2012-10-10,37818.0,-129.0
2012-10-17,38031.0,213.0
2012-10-24,37366.0,-665.0
2012-10-31,36841.0,-525.0
2012-11-07,36528.0,-313.0
2012-11-14,36173.0,-355.0
2012-11-21,35942.0,-231.0
2012-11-28,36235.0,293.0
2012-12-05,36132.0,-103.0
2012-12-12,35650.0,-482.0
2012-12-19,35975.0,325.0
2012-12-26,36020.0,45.0
2013-01-02,35954.0,-66.0
2013-01-09,35846.0,-108.0
2013-01-16,35816.0,-30.0
2013-01-23,36074.0,258.0
2013-01-30,36893.0,819.0
2013-02-06,36941.0,48.0
2013-02-13,36954.0,13.0
2013-02-20,37566.0,612.0
2013-02-27,37706.0,140.0
2013-03-06,37930.0,224.0
2013-03-13,38259.0,329.0
2013-03-20,37490.0,-769.0
2013-03-27,38030.0,540.0
2013-04-03,37986.0,-44.0
2013-04-10,37610.0,-376.0
2013-04-17,38125.0,515.0
2013-04-24,38401.0,276.0
2013-05-01,38583.0,182.0
2013-05-08,38734.0,151.0
2013-05-15,38469.0,-265.0
2013-05-22,38342.0,-127.0
2013-05-29,38083.0,-259.0
2013-06-05,38110.0,27.0
2013-06-12,38154.0,44.0
2013-06-19,38343.0,189.0
2013-06-26,38449.0,106.0
2013-07-03,38591.0,142.0
2013-07-10,38324.0,-267.0
2013-07-17,36761.0,-1563.0
2013-07-24,36934.0,173.0
2013-07-31,37160.0,226.0
2013-08-07,37274.0,114.0
2013-08-14,37293.0,19.0
2013-08-21,37618.0,325.0
2013-08-28,37619.0,1.0
2013-09-04,37836.0,217.0
2013-09-11,37601.0,-235.0
2013-09-18,38068.0,467.0
2013-09-25,38078.0,10.0
2013-10-02,38336.0,258.0
2013-10-09,38985.0,649.0
2013-10-16,39794.0,809.0
2013-10-23,40573.0,779.0
2013-10-30,40619.0,46.0
2013-11-06,42232.0,1613.0
2013-11-13,42634.0,402.0
2013-11-20,43202.0,568.0
2013-11-27,42747.0,-455.0
2013-12-04,42844.0,97.0
2013-12-11,43304.0,460.0
2013-12-18,43313.0,9.0
2013-12-25,43413.0,100.0
2014-01-01,43413.0,0.0
2014-01-08,43447.0,34.0
2014-01-15,43507.0,60.0
2014-01-22,43986.0,479.0
2014-01-29,44540.0,554.0
2014-02-05,44724.0,184.0
2014-02-12,44866.0,142.0
2014-02-19,44832.0,-34.0
2014-02-26,45792.0,960.0
2014-03-05,45418.0,-374.0
2014-03-12,44609.0,-809.0
2014-03-19,44513.0,-96.0
2014-03-26,44010.0,-503.0
2014-04-02,43037.0,-973.0
2014-04-09,42656.0,-381.0
2014-04-16,42884.0,228.0
2014-04-23,41648.0,-1236.0
2014-04-30,42166.0,518.0
2014-05-07,42184.0,18.0
2014-05-14,42238.0,54.0
2014-05-21,41727.0,-511.0
2014-05-28,41530.0,-197.0
2014-06-04,41588.0,58.0
2014-06-11,41374.0,-214.0
2014-06-18,41507.0,133.0
2014-06-25,41427.0,-80.0
2014-07-02,42202.0,775.0
2014-07-09,41765.0,-437.0
2014-07-16,42593.0,828.0
2014-07-23,42424.0,-169.0
2014-07-30,42618.0,194.0
2014-08-06,42742.0,124.0
2014-08-13,43566.0,824.0
2014-08-20,43618.0,52.0
2014-08-27,41965.0,-1653.0
2014-09-03,41943.0,-22.0
2014-09-10,41976.0,33.0
2014-09-17,42827.0,851.0
2014-09-24,42960.0,133.0
2014-10-01,43180.0,220.0
2014-10-08,44132.0,952.0
2014-10-15,41884.0,-2248.0
2014-10-22,41688.0,-196.0
2014-10-29,41776.0,88.0
2014-11-05,41673.0,-103.0
2014-11-12,41726.0,53.0
2014-11-19,41821.0,95.0
2014-11-26,42684.0,863.0
2014-12-03,42178.0,-506.0
2014-12-10,41827.0,-351.0
2014-12-17,41824.0,-3.0
2014-12-24,41799.0,-25.0
2014-12-31,41838.0,39.0
2015-01-07,41542.0,-296.0
2015-01-14,41516.0,-26.0
2015-01-21,42050.0,534.0
2015-01-28,42504.0,454.0
2015-02-04,42633.0,129.0
2015-02-11,42259.0,-374.0
2015-02-18,43017.0,758.0
2015-02-25,43331.0,314.0
2015-03-04,43427.0,96.0
2015-03-11,43602.0,175.0
2015-03-18,43724.0,122.0
2015-03-25,43634.0,-90.0
2015-04-01,43491.0,-143.0
2015-04-08,43539.0,48.0
2015-04-15,43572.0,33.0
2015-04-22,43575.0,3.0
2015-04-29,43502.0,-73.0
2015-05-06,44913.0,1411.0
2015-05-13,45458.0,545.0
2015-05-20,45574.0,116.0
2015-05-27,43975.0,-1599.0
2015-06-03,43940.0,-35.0
2015-06-10,44145.0,205.0
2015-06-17,44566.0,421.0
2015-06-24,45176.0,610.0
2015-07-01,45188.0,12.0
2015-07-08,45224.0,36.0
2015-07-15,44152.0,-1072.0
2015-07-22,44272.0,120.0
2015-07-29,44102.0,-170.0
