Date,Values,Delta Calculations
2007-07-04,1911553.0, 
2007-07-11,1927897.0,16344.0
2007-07-18,1931851.0,3954.0
2007-07-25,1940409.0,8558.0
2007-08-01,1939125.0,-1284.0
2007-08-08,1936780.0,-2345.0
2007-08-15,1918114.0,-18666.0
2007-08-22,1910038.0,-8076.0
2007-08-29,1910654.0,616.0
2007-09-05,1906342.0,-4312.0
2007-09-12,1904167.0,-2175.0
2007-09-19,1917792.0,13625.0
2007-09-26,1920465.0,2673.0
2007-10-03,1921634.0,1169.0
2007-10-10,1935020.0,13386.0
2007-10-17,1946125.0,11105.0
2007-10-24,1952231.0,6106.0
2007-10-31,1945457.0,-6774.0
2007-11-07,1948655.0,3198.0
2007-11-14,1953934.0,5279.0
2007-11-21,1944296.0,-9638.0
2007-11-28,1950316.0,6020.0
2007-12-05,1947917.0,-2399.0
2007-12-12,1956379.0,8462.0
2007-12-19,1962740.0,6361.0
2007-12-26,1972048.0,9308.0
2008-01-02,1972954.0,906.0
2008-01-09,1970920.0,-2034.0
2008-01-16,1990425.0,19505.0
2008-01-23,2014591.0,24166.0
2008-01-30,2029087.0,14496.0
2008-02-06,2025683.0,-3404.0
2008-02-13,2032938.0,7255.0
2008-02-20,2043568.0,10630.0
2008-02-27,2051317.0,7749.0
2008-03-05,2050228.0,-1089.0
2008-03-12,2068711.0,18483.0
2008-03-19,2078650.0,9939.0
2008-03-26,2095600.0,16950.0
2008-04-02,2117042.0,21442.0
2008-04-09,2127575.0,10533.0
2008-04-16,2147611.0,20036.0
2008-04-23,2150002.0,2391.0
2008-04-30,2174179.0,24177.0
2008-05-07,2167010.0,-7169.0
2008-05-14,2177820.0,10810.0
2008-05-21,2174051.0,-3769.0
2008-05-28,2181493.0,7442.0
2008-06-04,2186325.0,4832.0
2008-06-11,2195154.0,8829.0
2008-06-18,2204054.0,8900.0
2008-06-25,2215172.0,11118.0
2008-07-02,2229301.0,14129.0
2008-07-09,2230784.0,1483.0
2008-07-16,2228049.0,-2735.0
2008-07-23,2240115.0,12066.0
2008-07-30,2251863.0,11748.0
2008-08-06,2277802.0,25939.0
2008-08-13,2271192.0,-6610.0
2008-08-20,2271264.0,72.0
2008-08-27,2283683.0,12419.0
2008-09-03,2272485.0,-11198.0
2008-09-10,2269336.0,-3149.0
2008-09-17,2283940.0,14604.0
2008-09-24,2287589.0,3649.0
2008-10-01,2325939.0,38350.0
2008-10-08,2321429.0,-4510.0
2008-10-15,2313442.0,-7987.0
2008-10-22,2331474.0,18032.0
2008-10-29,2331625.0,151.0
2008-11-05,2341233.0,9608.0
2008-11-12,2344081.0,2848.0
2008-11-19,2337115.0,-6966.0
2008-11-26,2331387.0,-5728.0
2008-12-03,2340012.0,8625.0
2008-12-10,2337148.0,-2864.0
2008-12-17,2342886.0,5738.0
2008-12-24,2337905.0,-4981.0
2008-12-31,2345179.0,7274.0
2009-01-07,2345807.0,628.0
2009-01-14,2361458.0,15651.0
2009-01-21,2374746.0,13288.0
2009-01-28,2382628.0,7882.0
2009-02-04,2383280.0,652.0
2009-02-11,2395228.0,11948.0
2009-02-18,2404349.0,9121.0
2009-02-25,2409227.0,4878.0
2009-03-04,2424238.0,15011.0
2009-03-11,2414669.0,-9569.0
2009-03-18,2420322.0,5653.0
2009-03-25,2415756.0,-4566.0
2009-04-01,2434527.0,18771.0
2009-04-08,2445346.0,10819.0
2009-04-15,2459496.0,14150.0
2009-04-22,2465220.0,5724.0
2009-04-29,2459842.0,-5378.0
2009-05-06,2475223.0,15381.0
2009-05-13,2503733.0,28510.0
2009-05-20,2522186.0,18453.0
2009-05-27,2524514.0,2328.0
2009-06-03,2534241.0,9727.0
2009-06-10,2545171.0,10930.0
2009-06-17,2543067.0,-2104.0
2009-06-24,2540809.0,-2258.0
2009-07-01,2563071.0,22262.0
2009-07-08,2564568.0,1497.0
2009-07-15,2571769.0,7201.0
2009-07-22,2570148.0,-1621.0
2009-07-29,2570993.0,845.0
2009-08-05,2588725.0,17732.0
2009-08-12,2584972.0,-3753.0
2009-08-19,2588010.0,3038.0
2009-08-26,2592177.0,4167.0
2009-09-02,2596844.0,4667.0
2009-09-09,2594757.0,-2087.0
2009-09-16,2618214.0,23457.0
2009-09-23,2618459.0,245.0
2009-09-30,2618563.0,104.0
2009-10-07,2623739.0,5176.0
2009-10-14,2632713.0,8974.0
2009-10-21,2654422.0,21709.0
2009-10-28,2655801.0,1379.0
2009-11-04,2678495.0,22694.0
2009-11-11,2677455.0,-1040.0
2009-11-18,2691612.0,14157.0
2009-11-25,2679176.0,-12436.0
2009-12-02,2699089.0,19913.0
2009-12-09,2700245.0,1156.0
2009-12-16,2712081.0,11836.0
2009-12-23,2702190.0,-9891.0
2009-12-30,2694214.0,-7976.0
2010-01-06,2690843.0,-3371.0
2010-01-13,2690236.0,-607.0
2010-01-20,2687867.0,-2369.0
2010-01-27,2687735.0,-132.0
2010-02-03,2690977.0,3242.0
2010-02-10,2699938.0,8961.0
2010-02-17,2697089.0,-2849.0
2010-02-24,2701281.0,4192.0
2010-03-03,2709242.0,7961.0
2010-03-10,2713965.0,4723.0
2010-03-17,2734622.0,20657.0
2010-03-24,2739601.0,4979.0
2010-03-31,2745293.0,5692.0
2010-04-07,2752903.0,7610.0
2010-04-14,2761756.0,8853.0
2010-04-21,2773890.0,12134.0
2010-04-28,2781239.0,7349.0
2010-05-05,2792398.0,11159.0
2010-05-12,2767962.0,-24436.0
2010-05-19,2769490.0,1528.0
2010-05-26,2776992.0,7502.0
2010-06-02,2786239.0,9247.0
2010-06-09,2772989.0,-13250.0
2010-06-16,2787704.0,14715.0
2010-06-23,2792677.0,4973.0
2010-06-30,2789360.0,-3317.0
2010-07-07,2792537.0,3177.0
2010-07-14,2808133.0,15596.0
2010-07-21,2827519.0,19386.0
2010-07-28,2836943.0,9424.0
2010-08-04,2841092.0,4149.0
2010-08-11,2864353.0,23261.0
2010-08-18,2877656.0,13303.0
2010-08-25,2880788.0,3132.0
2010-09-01,2912472.0,31684.0
2010-09-08,2901447.0,-11025.0
2010-09-15,2898683.0,-2764.0
2010-09-22,2930101.0,31418.0
2010-09-29,2930202.0,101.0
2010-10-06,2948551.0,18349.0
2010-10-13,2978128.0,29577.0
2010-10-20,2993646.0,15518.0
2010-10-27,3011667.0,18021.0
2010-11-03,3036940.0,25273.0
2010-11-10,3047976.0,11036.0
2010-11-17,3055342.0,7366.0
2010-11-24,3046184.0,-9158.0
2010-12-01,3053565.0,7381.0
2010-12-08,3051420.0,-2145.0
2010-12-15,3048689.0,-2731.0
2010-12-22,3064460.0,15771.0
2010-12-29,3047543.0,-16917.0
2011-01-05,3052134.0,4591.0
2011-01-12,3047111.0,-5023.0
2011-01-19,3045181.0,-1930.0
2011-01-26,3047140.0,1959.0
2011-02-02,3048704.0,1564.0
2011-02-09,3059371.0,10667.0
2011-02-16,3079719.0,20348.0
2011-02-23,3075188.0,-4531.0
2011-03-02,3070486.0,-4702.0
2011-03-09,3082960.0,12474.0
2011-03-16,3085555.0,2595.0
2011-03-23,3085207.0,-348.0
2011-03-30,3076415.0,-8792.0
2011-04-06,3086832.0,10417.0
2011-04-13,3093177.0,6345.0
2011-04-20,3101973.0,8796.0
2011-04-27,3123340.0,21367.0
2011-05-04,3132898.0,9558.0
2011-05-11,3138232.0,5334.0
2011-05-18,3134543.0,-3689.0
2011-05-25,3115661.0,-18882.0
2011-06-01,3119477.0,3816.0
2011-06-08,3126776.0,7299.0
2011-06-15,3133159.0,6383.0
2011-06-22,3132750.0,-409.0
2011-06-29,3114218.0,-18532.0
2011-07-06,3125740.0,11522.0
2011-07-13,3120567.0,-5173.0
2011-07-20,3127985.0,7418.0
2011-07-27,3121208.0,-6777.0
2011-08-03,3140736.0,19528.0
2011-08-10,3116659.0,-24077.0
2011-08-17,3124638.0,7979.0
2011-08-24,3119686.0,-4952.0
2011-08-31,3115511.0,-4175.0
2011-09-07,3106613.0,-8898.0
2011-09-14,3103401.0,-3212.0
2011-09-21,3097316.0,-6085.0
2011-09-28,3070733.0,-26583.0
2011-10-05,3066783.0,-3950.0
2011-10-12,3060163.0,-6620.0
2011-10-19,3061247.0,1084.0
2011-10-26,3038758.0,-22489.0
2011-11-02,3046858.0,8100.0
2011-11-09,3083476.0,36618.0
2011-11-16,3098903.0,15427.0
2011-11-23,3090682.0,-8221.0
2011-11-30,3097524.0,6842.0
2011-12-07,3092070.0,-5454.0
2011-12-14,3078136.0,-13934.0
2011-12-21,3064742.0,-13394.0
2011-12-28,3040893.0,-23849.0
2012-01-04,3032365.0,-8528.0
2012-01-11,3023549.0,-8816.0
2012-01-18,3028153.0,4604.0
2012-01-25,3032946.0,4793.0
2012-02-01,3044395.0,11449.0
2012-02-08,3063476.0,19081.0
2012-02-15,3079215.0,15739.0
2012-02-22,3082522.0,3307.0
2012-02-29,3082064.0,-458.0
2012-03-07,3084169.0,2105.0
2012-03-14,3084948.0,779.0
2012-03-21,3090175.0,5227.0
2012-03-28,3096540.0,6365.0
2012-04-04,3109824.0,13284.0
2012-04-11,3100421.0,-9403.0
2012-04-18,3094934.0,-5487.0
2012-04-25,3097586.0,2652.0
2012-05-02,3107424.0,9838.0
2012-05-09,3103052.0,-4372.0
2012-05-16,3102980.0,-72.0
2012-05-23,3116638.0,13658.0
2012-05-30,3114604.0,-2034.0
2012-06-06,3127350.0,12746.0
2012-06-13,3115086.0,-12264.0
2012-06-20,3118731.0,3645.0
2012-06-27,3114281.0,-4450.0
2012-07-04,3115393.0,1112.0
2012-07-11,3112051.0,-3342.0
2012-07-18,3118912.0,6861.0
2012-07-25,3126472.0,7560.0
2012-08-01,3129926.0,3454.0
2012-08-08,3135913.0,5987.0
2012-08-15,3149755.0,13842.0
2012-08-22,3158278.0,8523.0
2012-08-29,3159039.0,761.0
2012-09-05,3167823.0,8784.0
2012-09-12,3169578.0,1755.0
2012-09-19,3181530.0,11952.0
2012-09-26,3184161.0,2631.0
2012-10-03,3177343.0,-6818.0
2012-10-10,3186377.0,9034.0
2012-10-17,3188413.0,2036.0
2012-10-24,3188030.0,-383.0
2012-10-31,3192960.0,4930.0
2012-11-07,3194275.0,1315.0
2012-11-14,3192371.0,-1904.0
2012-11-21,3192765.0,394.0
2012-11-28,3202129.0,9364.0
2012-12-05,3204142.0,2013.0
2012-12-12,3220818.0,16676.0
2012-12-19,3233938.0,13120.0
2012-12-26,3238440.0,4502.0
2013-01-02,3240612.0,2172.0
2013-01-09,3250550.0,9938.0
2013-01-16,3259432.0,8882.0
2013-01-23,3252376.0,-7056.0
2013-01-30,3250831.0,-1545.0
2013-02-06,3293259.0,42428.0
2013-02-13,3297346.0,4087.0
2013-02-20,3306820.0,9474.0
2013-02-27,3278332.0,-28488.0
2013-03-06,3293292.0,14960.0
2013-03-13,3290865.0,-2427.0
2013-03-20,3294447.0,3582.0
2013-03-27,3284304.0,-10143.0
2013-04-03,3293207.0,8903.0
2013-04-10,3291852.0,-1355.0
2013-04-17,3290449.0,-1403.0
2013-04-24,3303967.0,13518.0
2013-05-01,3297441.0,-6526.0
2013-05-08,3292854.0,-4587.0
2013-05-15,3312888.0,20034.0
2013-05-22,3312218.0,-670.0
2013-05-29,3317119.0,4901.0
2013-06-05,3308709.0,-8410.0
2013-06-12,3314208.0,5499.0
2013-06-19,3303879.0,-10329.0
2013-06-26,3274838.0,-29041.0
2013-07-03,3281945.0,7107.0
2013-07-10,3278832.0,-3113.0
2013-07-17,3273222.0,-5610.0
2013-07-24,3274663.0,1441.0
2013-07-31,3269178.0,-5485.0
2013-08-07,3268411.0,-767.0
2013-08-14,3265736.0,-2675.0
2013-08-21,3281184.0,15448.0
2013-08-28,3274905.0,-6279.0
2013-09-04,3282468.0,7563.0
2013-09-11,3275669.0,-6799.0
2013-09-18,3285062.0,9393.0
2013-09-25,3285130.0,68.0
2013-10-02,3289018.0,3888.0
2013-10-09,3294669.0,5651.0
2013-10-16,3323265.0,28596.0
2013-10-23,3319826.0,-3439.0
2013-10-30,3316109.0,-3717.0
2013-11-06,3321086.0,4977.0
2013-11-13,3323519.0,2433.0
2013-11-20,3339592.0,16073.0
2013-11-27,3351355.0,11763.0
2013-12-04,3364618.0,13263.0
2013-12-11,3378505.0,13887.0
2013-12-18,3379660.0,1155.0
2013-12-25,3364098.0,-15562.0
2014-01-01,3352139.0,-11959.0
2014-01-08,3349939.0,-2200.0
2014-01-15,3350101.0,162.0
2014-01-22,3345594.0,-4507.0
2014-01-29,3324824.0,-20770.0
2014-02-05,3318375.0,-6449.0
2014-02-12,3307970.0,-10405.0
2014-02-19,3320457.0,12487.0
2014-02-26,3327179.0,6722.0
2014-03-05,3312449.0,-14730.0
2014-03-12,3206307.0,-106142.0
2014-03-19,3232748.0,26441.0
2014-03-26,3286937.0,54189.0
2014-04-02,3299347.0,12410.0
2014-04-09,3312647.0,13300.0
2014-04-16,3298780.0,-13867.0
2014-04-23,3278134.0,-20646.0
2014-04-30,3288409.0,10275.0
2014-05-07,3285640.0,-2769.0
2014-05-14,3268916.0,-16724.0
2014-05-21,3268845.0,-71.0
2014-05-28,3276810.0,7965.0
2014-06-04,3306633.0,29823.0
2014-06-11,3306293.0,-340.0
2014-06-18,3313624.0,7331.0
2014-06-25,3305524.0,-8100.0
2014-07-02,3303672.0,-1852.0
2014-07-09,3314066.0,10394.0
2014-07-16,3313307.0,-759.0
2014-07-23,3310425.0,-2882.0
2014-07-30,3304175.0,-6250.0
2014-08-06,3332385.0,28210.0
2014-08-13,3317926.0,-14459.0
2014-08-20,3320270.0,2344.0
2014-08-27,3340565.0,20295.0
2014-09-03,3337521.0,-3044.0
2014-09-10,3343937.0,6416.0
2014-09-17,3355523.0,11586.0
2014-09-24,3352365.0,-3158.0
2014-10-01,3335608.0,-16757.0
2014-10-08,3331670.0,-3938.0
2014-10-15,3312835.0,-18835.0
2014-10-22,3290927.0,-21908.0
2014-10-29,3282086.0,-8841.0
2014-11-05,3312268.0,30182.0
2014-11-12,3304418.0,-7850.0
2014-11-19,3312456.0,8038.0
2014-11-26,3309745.0,-2711.0
2014-12-03,3324443.0,14698.0
2014-12-10,3324395.0,-48.0
2014-12-17,3318643.0,-5752.0
2014-12-24,3298867.0,-19776.0
2014-12-31,3298372.0,-495.0
2015-01-07,3297796.0,-576.0
2015-01-14,3296009.0,-1787.0
2015-01-21,3286077.0,-9932.0
2015-01-28,3258661.0,-27416.0
2015-02-04,3257215.0,-1446.0
2015-02-11,3261610.0,4395.0
2015-02-18,3267522.0,5912.0
2015-02-25,3265567.0,-1955.0
2015-03-04,3252989.0,-12578.0
2015-03-11,3234307.0,-18682.0
2015-03-18,3227101.0,-7206.0
2015-03-25,3227782.0,681.0
2015-04-01,3290959.0,63177.0
2015-04-08,3291826.0,867.0
2015-04-15,3295687.0,3861.0
2015-04-22,3282790.0,-12897.0
2015-04-29,3293771.0,10981.0
2015-05-06,3315457.0,21686.0
2015-05-13,3321250.0,5793.0
2015-05-20,3321464.0,214.0
2015-05-27,3338678.0,17214.0
2015-06-03,3356352.0,17674.0
2015-06-10,3360437.0,4085.0
2015-06-17,3365402.0,4965.0
2015-06-24,3365889.0,487.0
2015-07-01,3376811.0,10922.0
2015-07-08,3353741.0,-23070.0
2015-07-15,3352630.0,-1111.0
2015-07-22,3325571.0,-27059.0
2015-07-29,3351638.0,26067.0
